6 8 23 10 57 60 96 98 5 2 26 86 91 25 91 32 10 97 25
88: 37 82 6 59 41 51 12 52 29 21 81 36 97 41 66 95 92 32 89
133: 89 88 24 38 64 68 32 7 64 52 97 99 78 2 24 24 79 87 99
123: 87 11 87 47 21 58 60 45 47 44 64 44 12 88 36 65 20 63 20
20: 61 47 86 95 32 17 37 86 11 15 5 18 97 73 82 97 69 15 33
136: 10 25 36 18 29 18 1 7 62 70 4 96 58 23 10 67 57 27 54
38: 58 76 3 15 4 22 59 45 34 45 91 80 25 52 68 28 13 12 2
6: 37 45 5 60 33 36 99 49 84 93 10 88 86 86 74 15 13 40 82
32: 83 48 94 82 30 74 13 18 88 40 45 99 46 25 26 32 48 82 19
95: 39 74 30 80 1 6 9 95 26 18 3 14 20 75 56 98 18 81 52
62: 80 91 54 15 10 97 27 82 4 56 97 56 67 31 3 14 36 74 85
45: 57 25 81 77 88 74 35 52 71 55 50 65 98 4 92 53 7 27 31
