55 58 88 7 34 90 93 62 12 69 72 11 17 89 47 59 74 62 86 98 99 22 51 47
94: 52 99 56 65 34 36 55 80 61 82 14 9 8 2 97 2 77 43 22 16 66 91 54 37
110: 76 4 75 97 35 67 35 24 36 5 32 16 1 25 86 9 27 48 81 64 6 86 22 50
49: 77 32 14 81 67 44 40 98 16 70 32 16 68 48 48 44 95 96 90 36 47 39 46 62
130: 27 47 4 68 83 42 57 31 13 80 98 53 60 51 20 35 38 67 10 27 95 84 66 82
56: 7 74 2 13 52 38 68 26 93 45 99 87 40 75 81 99 87 96 64 5 20 56 21 57
18: 64 80 40 4 76 26 96 26 81 58 96 19 65 39 5 69 19 36 32 79 28 77 39 98
22: 83 64 76 28 56 15 23 74 46 84 65 74 98 26 82 10 19 90 70 79 11 61 51 86
164: 1 8 8 42 22 23 32 7 19 4 16 25 99 88 15 47 18 19 60 9 8 10 41 33
70: 60 9 25 75 93 54 16 14 85 36 82 15 44 43 77 69 32 95 40 86 79 48 54 98
65: 78 36 38 52 60 15 73 24 32 39 12 8 8 19 83 21 85 51 43 20 94 42 72 58
94: 60 9 96 91 32 33 41 90 29 37 95 57 32 60 49 21 76 75 96 74 11 17 90 71
58: 8 36 7 97 60 95 70 7 10 8 53 98 8 42 14 31 93 5 30 52 72 48 43 21
43: 48 34 72 90 56 84 39 67 82 25 15 3 10 31 68 23 19 96 53 19 45 32 9 91
