53 68 62 49 66 24 67 44 85 47 52 61 55 44 43 9
48: 41 49 34 42 22 73 23 29 57 63 61 52 13 55 64 33
71: 75 2 42 39 59 21 97 69 26 32 71 26 30 23 80 25
74: 17 74 43 1 49 80 28 41 24 43 21 36 15 90 65 81
87: 53 18 43 57 91 12 57 59 37 90 41 28 69 46 66 57
48: 69 22 67 10 62 56 17 41 8 35 52 15 7 46 51 25
42: 70 54 35 58 63 59 20 41 61 31 58 67 47 19 40 97
52: 41 7 50 43 49 85 94 32 41 19 44 49 64 85 52 51
94: 44 17 42 43 29 53 69 87 52 62 46 54 80 2 9 17
83: 69 47 14 53 95 31 80 53 13 83 91 71 32 69 57 95
38: 71 17 23 41 59 67 51 48 46 79 67 49 40 73 54 29
