37 22 52 11 69 68 53 47 72 39 41 53 73 45 36 61 27
137: 40 33 41 64 55 30 59 51 82 65 24 40 85 31 44 34 39
85: 56 55 36 84 44 65 69 38 50 31 41 27 36 39 72 74 28
72: 25 41 37 51 51 38 53 22 64 48 40 57 55 41 32 40 48
68: 61 36 48 36 81 22 47 24 50 59 55 96 39 90 51 60 75
111: 63 60 66 61 43 62 52 42 64 56 41 60 52 32 76 41 56
60: 29 57 45 66 52 60 34 55 49 42 54 60 50 55 29 63 51
114: 65 38 60 52 75 18 38 46 34 53 41 18 42 55 46 30 38
27: 38 55 44 33 57 54 34 66 56 59 50 72 55 37 28 16 42
26: 53 49 64 65 63 65 70 46 56 40 27 37 45 35 19 34 39
99: 32 28 42 55 62 19 53 47 56 68 45 68 52 63 50 47 14
