89 16 70 83 74 78 57 12 15 67 91 40 93 58 71 19 49 30 22 79 47 19 75 85
7: 81 24 93 66 9 58 68 22 84 47 98 75 45 19 2 92 62 72 6 83 4 28 55 37
45: 31 99 98 77 23 20 45 78 86 20 94 80 32 51 17 58 4 19 38 98 21 35 64 83
76: 75 33 54 38 28 53 93 22 36 63 42 73 70 92 20 46 7 43 19 19 22 37 39 11
102: 48 27 21 74 68 70 75 76 15 18 86 14 23 47 39 12 55 37 78 47 11 92 49 62
75: 63 46 68 32 34 52 51 26 91 11 73 51 20 89 93 65 78 77 86 85 90 62 29 92
50: 92 53 90 73 56 52 47 84 8 40 53 87 48 46 26 17 63 18 89 72 64 8 76 44
59: 66 98 72 82 85 34 39 8 48 3 91 71 55 99 79 11 6 90 31 40 90 82 46 98
93: 98 20 37 74 65 60 95 37 72 75 55 35 74 66 59 63 24 8 91 26 98 36 33 98
58: 73 47 99 83 74 88 37 83 84 46 3 63 76 50 57 62 3 68 88 99 14 96 78 52
70: 43 31 90 65 60 33 89 96 15 36 75 13 56 36 18 8 44 3 26 48 44 2 48 78
129: 84 91 21 82 46 32 33 47 97 5 65 71 79 19 8 19 15 71 28 43 8 80 19 93
66: 15 27 15 70 77 28 9 52 30 58 95 88 78 4 64 73 7 53 70 8 63 84 31 70
63: 8 7 3 23 28 38 52 74 9 64 38 15 4 56 85 90 85 99 14 63 63 56 64 45
58: 8 65 18 57 60 32 9 3 58 51 49 61 67 45 30 88 94 26 84 16 36 39 57 37
27: 27 53 73 9 45 94 19 34 41 56 2 75 19 67 86 10 99 95 51 72 87 2 33 60
59: 74 7 71 47 49 94 54 51 42 5 84 13 55 49 91 21 92 73 74 89 97 38 95 97
