80 59 55 80 89 76 28 40 46 44 46 33 84 17 52 62
66: 36 42 55 60 89 64 45 75 42 48 35 43 44 37 32 60
108: 66 31 51 53 40 35 47 35 49 24 44 82 58 49 39 43
29: 48 39 42 20 58 57 49 61 68 64 51 45 81 58 46 48
81: 16 57 72 61 53 37 47 42 75 31 52 54 42 57 45 50
110: 62 51 66 49 50 58 31 26 15 52 73 62 31 59 45 73
36: 45 50 42 60 19 80 33 60 63 62 74 44 39 49 59 27
84: 82 64 52 35 64 46 57 64 24 51 71 99 63 28 31 51
76: 34 43 56 31 29 75 40 53 56 37 76 29 34 51 32 44
21: 29 71 22 8 44 30 43 66 55 47 43 78 69 62 36 26
113: 57 10 73 62 61 47 45 42 60 28 77 43 48 41 40 47
