88 78 49 44 3 66 53 25 32 58 53 6 46 29 51
61: 54 74 31 33 45 53 56 58 34 64 50 44 39 57 37
8: 67 47 38 56 47 48 55 33 61 22 64 47 46 68 70
34: 26 49 38 58 65 24 63 59 48 53 30 52 46 57 77
9: 51 2 43 56 55 69 49 18 49 72 55 54 15 42 61
28: 57 75 27 32 60 51 58 32 22 58 36 47 27 61 14
12: 48 42 45 15 46 47 47 39 48 40 87 69 39 39 50
70: 28 63 63 63 56 39 38 50 59 44 50 50 37 53 32
51: 44 58 42 47 20 34 18 50 34 72 59 25 60 22 44
34: 40 61 56 21 61 41 46 27 18 26 45 43 51 21 52
49: 40 82 17 50 54 48 59 52 72 21 52 36 58 59 61
49: 50 47 44 51 50 34 50 25 41 18 40 59 34 18 51
41: 43 52 47 57 69 55 56 32 17 45 39 54 25 37 30
59: 50 62 66 62 33 70 46 41 62 35 11 35 37 62 61
