56 40 61 45 88 24 48 21 70 5 11 11 71 29 46 50 56
58: 56 39 39 66 67 12 33 51 71 70 46 34 76 14 46 39 49
22: 64 57 28 16 63 31 34 19 83 63 86 17 51 67 81 39 69
43: 66 10 53 42 55 43 64 21 56 68 35 41 48 43 75 55 69
54: 52 81 42 51 45 54 37 78 71 61 24 42 64 56 46 42 39
52: 44 53 63 27 44 54 37 44 14 32 52 40 40 57 45 68 55
51: 69 35 40 64 51 67 63 78 48 40 37 34 45 61 54 15 44
20: 45 48 55 38 46 50 84 62 83 56 42 60 65 60 47 19 84
40: 39 44 19 58 44 33 33 67 66 62 30 58 61 34 53 54 34
57: 47 61 85 48 63 22 67 36 84 48 43 40 57 57 36 53 25
19: 64 31 23 42 83 32 69 7 39 60 48 59 49 48 43 60 33
48: 54 50 24 57 83 63 62 41 56 26 33 37 52 50 71 68 50
1: 53 52 37 31 35 28 30 38 78 14 41 56 49 59 39 51 51
38: 38 43 40 51 41 35 60 42 57 38 50 36 74 61 60 61 74
51: 82 69 17 54 44 49 52 42 38 39 64 35 25 43 20 62 57
