38 44 56 6 89 21 65 51 43 95 41 59 59 56 91 76 47 51
18: 58 11 2 80 81 93 64 55 10 81 48 94 25 14 22 70 46 78
57: 9 65 51 90 9 76 17 27 14 6 87 19 6 65 7 81 29 45
94: 29 44 98 58 1 16 72 32 78 48 77 63 33 61 87 39 46 69
67: 91 35 24 67 31 3 51 67 89 30 86 8 81 98 72 1 74 30
77: 83 83 43 29 19 63 2 90 51 35 37 50 75 56 45 56 76 9
56: 76 46 40 37 1 24 58 56 77 85 22 4 99 22 99 37 85 75
74: 12 94 22 16 76 39 3 34 15 29 9 31 58 34 8 77 20 19
89: 96 94 22 74 5 86 1 51 78 73 79 55 44 45 88 43 41 77
94: 34 29 2 25 35 96 14 20 67 38 7 85 16 62 68 60 15 44
50: 10 65 41 32 80 4 76 26 69 35 12 18 15 32 89 39 60 58
