67 66 39 39 18 36 24 67 38 83 83 57 11 55 82 50 13 40 30 4 29
83: 55 99 86 74 81 60 89 83 40 39 22 50 41 23 40 64 44 48 86 76 44
78: 39 62 9 64 6 26 2 90 78 55 61 82 9 87 22 37 50 57 71 99 79
16: 44 96 86 25 40 41 86 29 84 39 55 99 52 54 44 43 27 55 24 27 65
13: 33 86 57 11 18 21 91 43 89 51 7 58 75 84 81 77 64 89 81 23 56
94: 5 12 2 46 25 17 75 53 27 48 3 88 78 36 67 9 49 87 97 21 41
83: 79 31 29 78 58 53 57 27 25 56 35 94 84 5 91 97 47 76 47 86 30
123: 81 64 56 90 40 64 44 72 34 11 42 59 70 35 69 45 1 84 3 88 60
53: 60 11 72 85 58 51 94 43 95 79 29 92 81 60 8 69 47 16 9 32 9
78: 68 53 61 27 34 16 67 33 87 36 98 76 80 20 91 55 87 26 81 80 93
100: 93 5 89 38 95 41 83 3 84 60 10 92 77 79 11 15 32 95 15 17 38
87: 64 68 4 36 78 58 32 58 58 7 81 60 10 90 45 50 18 17 34 39 60
