51 36 65 56 50 51 49 81 64 25 46 8 23 38 48 22 65 51 47 43
55: 56 7 39 81 57 44 55 44 52 46 73 65 52 48 53 58 62 58 37 26
41: 37 36 22 35 61 25 49 54 23 42 63 89 45 37 71 54 42 36 64 44
35: 64 48 36 44 52 39 55 68 37 45 59 61 29 40 85 68 59 45 61 45
27: 38 29 18 58 72 65 70 39 63 30 32 54 53 31 54 84 83 59 35 84
73: 53 51 63 42 43 34 44 69 38 27 45 58 53 13 46 33 28 59 85 47
133: 2 60 61 69 24 74 52 85 41 32 54 42 40 55 65 45 55 43 57 58
32: 43 64 46 16 33 61 44 52 59 36 62 68 41 53 62 57 59 16 60 61
145: 51 27 50 75 23 77 52 32 57 41 58 17 72 53 55 33 59 58 37 33
76: 32 70 53 58 65 56 59 46 33 29 41 58 45 61 34 48 21 60 27 44
153: 24 99 56 59 60 56 35 47 55 56 56 39 41 55 15 64 24 42 49 29
9: 30 58 48 51 38 45 89 28 63 9 50 48 49 45 48 79 36 69 72 47
