85 12 59 12 40 33 55 15 29 19 12 55 92 26 5 4 35 73
37: 33 69 31 43 27 60 60 56 45 34 41 69 52 75 61 23 21 57
79: 63 17 46 31 90 14 38 57 44 97 18 60 56 51 84 68 13 50
59: 72 14 38 32 79 92 60 15 54 96 46 46 50 75 25 55 33 31
37: 44 41 50 64 44 20 45 46 46 41 81 82 41 44 34 7 62 1
33: 4 71 21 5 44 10 81 32 41 65 45 79 46 38 16 75 69 65
53: 16 67 43 53 27 29 46 60 59 77 38 15 54 99 60 43 60 28
74: 49 60 53 25 20 28 41 53 24 70 28 51 55 13 61 41 47 54
36: 62 90 5 21 63 53 70 27 98 53 11 21 68 40 14 36 28 63
62: 79 39 56 50 38 25 45 51 75 45 86 57 63 48 90 10 16 96
56: 68 97 91 51 50 23 58 50 62 37 47 47 18 66 49 48 68 56
55: 34 37 8 60 21 7 61 60 29 12 56 9 34 61 31 74 67 54
20: 73 58 53 56 66 45 68 46 42 66 20 4 54 27 24 39 48 89
22: 60 68 30 51 63 2 32 75 13 88 38 66 45 26 47 21 20 3
