94 44 35 44 62 46 81 64 41 20 20 52 50 28 94 87 57 87 85 19
96: 71 68 1 55 94 45 56 64 37 57 68 42 2 47 82 53 19 83 66 57
7: 67 15 22 85 52 27 30 5 21 55 53 81 50 61 10 47 81 50 15 46
143: 43 75 86 38 46 51 8 68 54 88 47 57 49 47 53 57 22 37 73 64
93: 45 71 49 39 47 80 53 41 2 85 60 38 41 46 48 68 13 80 39 22
41: 33 6 79 58 60 55 50 55 83 68 19 36 89 83 33 62 53 83 34 55
67: 84 71 48 52 42 43 46 88 43 38 84 54 23 29 87 94 58 64 95 70
47: 31 28 26 97 9 25 34 20 24 54 58 12 63 55 27 6 23 52 57 84
7: 40 41 53 60 38 35 49 81 57 84 24 12 12 72 69 99 84 87 33 63
105: 34 43 16 81 24 6 50 51 75 18 83 62 90 40 43 14 16 50 81 18
43: 5 73 35 24 28 54 14 68 41 92 85 35 66 73 73 44 56 55 48 36
49: 56 8 51 79 58 64 75 50 8 21 59 71 66 93 48 82 16 54 91 97
95: 42 36 32 48 52 46 62 78 55 43 72 51 45 10 21 73 4 34 43 64
81: 57 84 72 94 47 37 22 46 55 49 16 5 42 82 98 49 62 54 35 29
124: 28 46 28 41 27 34 67 91 23 54 60 54 60 71 51 71 98 55 45 78
