76 38 67 21 12 42 14 56 24 61 88 87 14 38 63
23: 64 38 81 44 40 60 34 73 73 54 53 68 23 86 40
51: 48 57 32 65 68 40 9 87 2 64 38 55 12 43 17
83: 57 44 27 72 72 53 52 69 29 45 18 60 76 38 59
40: 55 23 19 51 55 53 5 38 50 90 27 46 72 23 77
10: 40 61 28 70 81 79 47 68 1 21 10 55 62 69 92
89: 41 63 43 76 14 54 63 97 41 40 63 74 38 76 50
21: 44 36 66 38 80 47 2 60 59 73 53 97 21 93 56
76: 69 42 44 62 98 86 65 75 73 52 59 7 46 61 71
62: 47 54 74 29 26 50 10 58 20 36 37 29 68 43 56
8: 9 61 68 84 47 68 57 99 99 73 78 48 47 23 62
74: 3 50 91 60 90 46 94 39 28 45 39 47 50 47 44
10: 17 36 70 38 45 71 27 69 45 50 64 62 19 29 57
70: 46 52 6 56 57 73 80 26 56 33 38 67 47 78 72
5: 53 53 55 51 34 9 46 50 48 49 49 79 73 64 16
59: 47 35 37 64 57 76 39 31 54 69 28 54 58 64 61
