58 93 94 20 28 61 35 33 19 55 92 12 83 32 80 67 42 84 74 52 53 92 47 15 71 95 22 43 88 76 53
27: 45 18 52 63 66 35 38 33 69 58 24 28 38 78 64 30 54 26 41 43 53 31 59 34 25 52 26 6 22 50 66
185: 4 86 33 46 75 57 40 66 48 46 45 79 62 39 44 73 55 66 43 31 49 55 14 71 21 75 44 47 89 64 41
61: 64 54 97 58 22 31 8 67 67 70 2 60 75 76 95 60 22 35 34 61 61 19 53 37 76 16 53 87 37 22 48
97: 34 36 66 85 37 33 50 33 55 31 47 29 23 64 32 11 47 33 35 41 13 98 26 4 47 18 9 43 38 22 73
76: 41 91 92 27 36 41 57 39 39 58 57 72 74 36 69 63 50 48 96 99 92 33 65 45 42 45 45 30 51 63 29
183: 80 35 31 42 28 5 69 35 18 77 39 8 56 66 68 89 37 51 39 58 47 90 43 97 70 36 92 6 66 28 75
42: 34 50 30 31 46 41 1 78 53 53 15 32 39 94 38 72 2 32 37 71 87 29 50 73 36 51 21 53 69 55 41
95: 40 79 73 45 41 5 16 80 76 34 55 62 60 65 57 76 79 5 82 54 52 58 66 44 21 48 61 19 44 83 59
46: 43 38 56 25 13 62 37 1 45 75 32 94 45 38 53 64 62 27 62 48 54 69 35 62 61 29 93 30 29 22 23
131: 55 62 59 64 81 35 62 50 67 84 79 1 59 35 58 88 98 61 67 72 16 46 69 39 69 31 42 38 73 9 89
25: 73 75 73 16 61 41 70 53 31 98 59 78 47 60 6 62 54 50 91 46 15 24 24 32 20 24 57 72 30 81 18
84: 33 63 36 62 33 59 30 9 1 62 48 51 65 94 18 9 51 30 66 29 49 86 46 29 52 57 42 8 46 41 25
2: 24 7 50 98 18 63 5 42 36 46 61 37 18 35 43 34 37 22 27 30 69 92 37 34 36 41 62 77 79 26 44
126: 60 91 50 97 15 31 48 63 71 31 66 70 67 72 38 44 30 53 29 22 47 55 45 71 92 10 20 43 55 27 91
204: 16 7 36 25 84 10 39 88 38 55 64 38 17 66 14 53 62 57 65 1 47 85 44 88 69 74 33 48 1 64 41
152: 34 42 49 31 44 53 22 20 35 60 98 41 38 68 8 14 59 56 75 43 47 12 66 83 35 52 56 39 49 91 13
