15 44 90 19 92 70 45 72 32 34 29 27 70 30 77 37 74 91
3: 0 59 45 39 65 28 34 64 66 61 33 51 36 40 49 48 53 57
85: 47 63 53 58 49 32 24 13 66 67 41 33 39 75 24 65 18 62
64: 73 47 55 63 66 48 73 44 37 82 69 60 83 32 78 46 34 41
79: 22 52 22 34 61 66 38 22 55 19 35 53 56 51 42 56 67 50
64: 52 40 47 80 76 54 49 64 72 66 34 21 44 45 12 51 25 32
42: 71 24 57 25 35 50 54 80 63 40 41 35 56 79 54 49 47 16
74: 43 48 30 54 70 64 24 21 49 53 27 58 70 51 50 48 38 57
102: 65 80 94 55 83 68 24 57 46 25 43 57 49 58 52 59 78 19
77: 54 52 54 22 71 64 33 67 69 59 55 30 37 60 54 64 64 32
149: 38 49 74 59 21 28 61 41 31 18 59 45 74 10 75 52 71 45
74: 24 46 59 58 38 47 54 76 62 36 79 72 32 61 58 47 46 57
90: 76 53 46 62 76 53 77 29 69 39 28 65 38 73 41 23 65 51
