53 20 78 48 92 48 19 14 79 99 30 87 86 75 6 52 49 70 91 83
16: 74 46 27 40 54 45 15 7 70 41 89 49 55 61 57 76 72 57 57 46
133: 66 57 37 56 25 48 22 51 46 9 28 48 43 68 38 67 59 52 42 62
61: 62 54 52 39 81 38 25 32 83 60 47 41 26 69 30 53 50 47 43 57
112: 56 25 66 53 55 54 37 35 33 52 26 62 53 56 14 27 45 65 59 40
27: 51 41 76 72 34 24 63 39 61 12 52 28 37 19 74 44 51 45 31 72
53: 66 63 40 66 60 42 59 42 48 56 43 49 44 50 28 59 44 63 40 72
125: 17 29 51 31 34 49 56 35 42 48 49 52 77 25 59 24 51 39 59 64
163: 32 42 23 57 52 45 63 20 59 48 65 40 46 57 43 51 8 57 53 47
84: 58 38 33 73 36 53 57 30 72 18 43 32 35 30 32 58 41 51 43 61
147: 44 54 40 33 27 46 34 60 37 50 63 81 76 52 35 46 41 34 32 25
76: 55 61 34 45 46 50 38 19 29 57 63 72 47 62 38 25 35 11 53 28
102: 60 46 75 38 63 86 78 41 50 39 34 59 52 55 67 57 45 29 30 43
80: 36 58 48 34 42 66 78 43 57 63 67 23 55 42 36 54 72 33 66 49
