67 89 67 17 53 80 88 78 55 43 38 98 21 87 44 77 10 53 96 31
81: 75 74 61 29 86 42 31 40 46 40 36 29 12 38 51 55 38 66 35 50
72: 73 49 55 33 33 20 36 57 21 77 41 50 35 71 49 43 40 22 30 48
115: 63 54 18 24 40 37 40 52 59 31 80 26 41 26 53 48 41 59 27 35
69: 50 39 38 38 39 56 45 76 37 29 53 66 48 43 30 36 36 58 26 43
115: 47 61 60 56 25 46 47 26 34 58 55 64 26 55 40 59 24 42 62 68
157: 59 36 41 57 38 59 56 34 51 66 74 57 74 51 36 71 50 32 47 28
2: 13 42 66 50 28 46 49 74 49 38 27 62 45 41 75 27 46 60 66 50
157: 30 65 27 50 57 70 38 46 27 66 13 12 54 39 40 50 55 38 54 45
50: 21 54 69 14 35 26 52 50 34 56 49 36 42 13 50 78 63 21 58 76
50: 62 38 57 42 33 86 40 55 53 26 59 44 22 40 48 66 62 36 67 64
101: 42 62 65 59 58 59 42 67 54 38 66 68 64 39 59 68 52 61 48 55
62: 33 51 72 56 62 35 17 46 33 48 27 43 56 52 51 42 48 33 63 74
71: 41 49 38 42 63 29 54 37 90 55 62 55 51 63 28 25 31 59 28 71
67: 71 56 39 30 73 47 19 85 57 69 53 60 53 49 58 24 42 47 25 36
