42 45 95 21 65 65 84 79 65 57 88 35 54 20 39 1 40 13 46 63 70 16 40
36: 50 45 65 25 71 57 46 63 73 50 60 24 51 43 53 54 56 78 56 67 50 80 76
56: 48 38 51 39 62 39 41 34 63 69 39 22 48 39 56 36 62 32 44 27 39 12 59
54: 55 49 23 65 59 89 67 12 59 34 65 35 45 59 62 68 61 40 54 50 53 47 52
63: 69 45 44 31 41 57 64 39 66 39 61 78 46 65 23 27 55 77 45 66 40 42 36
45: 69 60 55 37 57 60 53 40 62 50 43 45 30 74 78 71 58 51 56 53 82 53 67
78: 57 28 26 53 53 51 36 12 78 53 51 83 42 40 57 51 34 33 66 33 42 56 64
97: 22 46 33 37 61 52 57 52 51 56 67 24 78 45 62 46 64 50 59 35 52 50 44
27: 35 56 32 43 35 22 21 55 47 47 58 63 48 39 63 65 82 44 46 50 51 40 48
54: 87 59 47 65 19 53 38 52 48 55 86 8 74 30 59 58 48 56 44 63 13 76 33
49: 68 72 65 43 47 72 44 52 42 39 55 41 35 35 53 40 35 62 39 52 55 31 49
84: 91 54 55 57 37 42 5 41 37 52 96 19 72 67 85 62 46 35 61 52 29 67 58
84: 48 45 55 32 46 70 29 51 46 54 56 83 40 26 34 66 42 61 14 33 84 30 33
66: 29 69 79 39 66 51 42 46 32 54 60 34 51 55 31 58 50 35 54 18 44 89 73
22: 47 83 40 51 50 54 57 71 58 40 58 43 55 33 46 22 66 47 58 64 25 47 80
19: 40 44 7 41 40 56 27 54 40 29 56 48 62 71 67 37 33 42 47 37 38 47 38
60: 61 47 69 46 60 49 60 44 34 35 50 45 86 29 57 64 29 15 38 57 36 45 70
