63 75 72 71 99 79 20 91 54 59 95 28 58 80 25 61 52 92 82 8 22 42 3
141: 54 40 33 59 70 88 51 26 62 87 30 69 40 50 13 69 42 57 64 40 48 36 98
108: 66 27 1 68 44 49 11 51 72 53 69 43 40 78 62 4 54 47 63 53 26 45 68
173: 39 49 58 61 85 41 76 66 42 29 18 42 49 93 67 57 65 82 99 31 19 61 33
44: 42 38 63 96 50 43 63 32 37 63 87 62 38 76 34 82 43 74 75 48 92 24 37
173: 11 56 27 40 47 6 67 35 53 1 60 45 18 75 70 72 57 67 58 39 55 27 72
37: 64 68 64 42 44 28 37 38 24 97 58 63 26 40 93 99 46 20 34 10 29 47 21
125: 91 34 57 73 58 58 60 45 52 52 49 66 28 52 31 51 44 47 47 54 64 55 96
101: 55 60 47 84 35 69 22 63 47 69 75 2 93 1 47 60 66 83 63 30 46 29 21
163: 4 54 82 61 39 41 94 67 22 3 7 88 49 8 54 98 61 41 81 18 18 29 57
64: 80 45 63 91 36 51 70 4 2 99 42 37 34 56 64 40 50 18 36 28 73 33 88
35: 19 54 57 73 58 45 36 70 75 25 14 62 79 80 78 91 54 84 54 28 65 9 1
167: 35 28 76 50 75 75 11 27 82 21 7 65 79 26 45 4 54 64 47 55 41 89 63
