87 15 66 24 60 22 24 11 74 1 10 9 86 26 20 10 32
27: 40 50 46 38 40 83 50 30 20 83 14 53 41 52 60 21 23
33: 18 14 37 50 45 43 44 14 55 77 27 48 45 43 46 81 57
33: 21 40 35 59 61 53 46 19 51 49 30 16 40 52 92 47 21
46: 45 38 44 26 99 69 61 30 25 40 29 58 16 23 85 73 0
34: 9 50 79 9 24 60 73 40 54 76 60 39 28 21 56 47 52
51: 64 51 28 38 65 92 93 9 34 44 40 32 14 53 39 43 68
39: 84 11 61 59 31 56 21 69 8 51 5 85 68 40 56 98 55
57: 64 85 71 56 55 13 36 64 90 49 77 62 45 31 38 43 8
20: 49 73 41 61 67 14 64 27 8 72 49 45 55 52 61 19 37
31: 46 26 66 46 65 16 34 12 27 41 30 44 62 57 32 65 44
27: 63 46 65 62 0 70 14 42 72 49 43 68 25 99 52 28 64
63: 28 65 84 47 77 93 32 46 68 10 76 17 49 41 88 41 74
37: 42 56 13 61 30 67 34 16 43 79 39 26 46 82 44 64 2
