82 83 70 66 97 70 94 81 77 92 15 93 34 8 36 3 79 28 56 30 15 60 73
116: 60 32 55 64 8 55 89 20 37 4 4 12 81 64 28 20 85 42 41 30 84 22 66
118: 50 53 20 62 11 60 45 67 42 34 22 69 34 28 73 98 67 81 70 24 24 53 52
49: 88 26 51 37 47 46 48 1 67 70 74 58 55 53 54 56 51 67 27 68 75 80 42
67: 55 82 61 49 72 48 59 51 55 14 41 95 9 60 4 30 60 54 77 43 73 13 24
21: 72 57 47 93 57 68 59 32 37 51 38 11 82 33 11 36 60 1 50 56 23 34 38
62: 71 47 97 69 67 39 37 24 89 62 40 78 65 53 39 86 69 70 49 1 73 31 54
85: 37 57 96 68 28 62 61 58 70 7 9 45 20 89 39 18 68 34 37 80 45 57 70
5: 70 85 22 66 28 44 88 81 90 30 71 9 36 78 76 8 51 97 57 43 64 85 46
59: 19 22 18 24 35 53 31 62 55 13 24 49 48 45 17 42 42 37 70 13 26 81 43
6: 54 56 37 59 35 24 89 38 64 55 81 95 32 74 1 68 57 36 64 41 34 27 31
63: 28 75 71 26 3 45 55 63 39 26 46 57 65 53 33 59 58 56 5 13 42 68 20
100: 58 50 58 54 28 57 39 66 51 58 37 18 55 80 55 32 25 1 70 30 69 56 22
95: 32 44 37 50 75 46 49 74 50 52 73 69 52 84 58 26 54 62 43 27 77 35 14
81: 54 57 9 56 64 63 87 25 89 12 35 16 50 48 87 61 72 59 8 40 39 77 91
122: 14 46 61 58 32 33 65 41 42 14 29 16 68 30 22 15 13 4 23 68 63 6 33
