21 86 80 39 99 41 48 60 52 27 59 56 75 34 86 15 11 19 94 41 19 50 69 21 42 70 55
78: 59 59 51 30 24 16 76 79 99 83 68 96 63 29 64 89 45 34 53 32 69 26 56 28 42 57 15
62: 79 48 5 99 11 31 34 26 21 9 6 64 32 83 64 62 53 61 48 51 76 48 39 92 9 39 85
107: 47 44 7 77 74 28 24 42 76 50 39 38 35 61 20 42 73 25 25 52 59 42 68 82 45 69 72
125: 66 29 45 42 3 36 75 87 16 52 51 21 15 61 87 29 33 79 26 88 40 14 42 56 18 84 68
94: 78 3 40 21 50 15 76 53 24 36 44 81 70 84 22 70 43 37 66 46 32 53 35 35 11 3 91
38: 27 72 26 39 47 35 60 44 63 36 20 88 42 42 36 85 44 31 25 37 41 52 54 65 37 98 2
29: 84 65 25 25 78 46 47 53 25 22 68 70 83 59 55 72 21 81 41 27 42 37 75 97 55 49 68
73: 55 15 51 62 39 18 70 59 77 75 32 31 61 43 75 20 68 27 71 7 62 34 56 36 36 48 88
62: 28 2 33 39 4 21 31 60 36 29 54 63 55 57 59 52 81 39 66 65 56 31 34 56 83 19 2
87: 49 24 73 99 72 89 31 58 38 43 21 38 47 91 1 60 48 35 56 31 2 60 52 44 94 69 84
79: 11 56 54 89 66 49 84 48 97 97 64 53 38 29 20 77 57 48 30 50 46 30 57 3 74 35 6
68: 61 58 36 74 7 62 91 17 5 39 86 55 46 61 27 46 5 10 52 91 20 39 56 52 87 22 7
86: 50 52 11 65 76 61 72 88 55 46 46 69 30 71 36 16 97 33 92 63 45 42 93 55 44 68 35
64: 69 63 38 10 72 83 3 34 77 20 38 69 72 61 29 46 79 48 47 49 45 44 53 67 64 73 65
