64 44 67 50 60 2 69 40 71 2 49 52 24 53 84 35 70 43 86 56 88 16
53: 35 99 99 12 41 33 94 72 89 98 9 70 64 76 73 42 90 66 48 31 95 27
69: 39 32 1 45 52 51 45 56 29 11 41 43 63 66 35 68 84 39 44 42 19 49
63: 42 75 63 83 64 23 1 28 40 13 91 70 32 61 40 50 39 38 35 50 28 65
47: 29 53 21 29 5 57 67 24 70 40 34 39 60 58 84 27 84 83 63 11 42 56
65: 98 69 21 62 81 81 67 67 23 78 67 45 32 84 50 69 55 43 34 27 47 34
80: 43 29 69 64 36 79 53 82 47 64 31 63 37 84 78 51 25 46 88 43 9 22
34: 56 19 6 76 35 30 69 13 12 3 56 77 47 60 65 45 53 33 19 77 11 58
55: 24 28 12 49 49 4 56 30 56 56 63 50 50 99 40 63 98 20 36 53 65 58
57: 89 26 53 53 59 56 15 9 24 65 43 65 61 43 45 77 73 47 59 33 37 3
48: 16 24 70 23 54 63 45 2 28 53 47 46 91 41 51 67 65 28 30 52 30 37
97: 41 59 49 47 66 21 89 42 31 78 32 36 45 72 41 53 31 88 40 38 59 55
39: 32 44 58 53 41 47 54 37 58 27 96 37 59 30 47 61 96 68 51 33 35 39
37: 46 29 75 68 55 63 98 79 45 26 75 52 55 80 52 60 59 87 8 25 55 43
63: 6 48 73 41 62 61 56 8 53 97 16 70 23 32 56 54 50 24 64 34 43 26
60: 35 71 74 40 37 65 56 46 26 67 45 40 2 60 39 30 53 96 39 9 48 41
41: 46 14 26 80 40 42 16 91 40 24 72 47 29 89 73 53 69 54 50 89 16 29
