43 45 59 41 52 12 62 41 58 58 43 61 57 78 42 23 77 43
86: 20 41 56 30 47 97 57 60 99 31 56 4 60 33 57 41 96 85
46: 40 40 27 81 20 43 34 79 18 48 55 36 62 33 43 52 52 51
13: 54 99 36 71 91 53 10 85 65 31 43 56 16 52 69 39 46 11
40: 51 13 60 69 46 42 20 13 53 30 45 57 35 56 41 51 97 8
72: 34 97 67 62 65 29 53 56 44 75 60 33 45 56 44 55 49 41
24: 73 55 56 13 34 61 70 34 83 6 94 11 75 32 6 36 86 96
15: 80 93 34 52 90 67 42 72 30 31 34 50 46 42 92 77 41 43
136: 94 91 72 52 11 66 20 71 44 29 26 33 29 66 24 49 99 8
70: 39 52 70 32 90 33 50 47 32 35 95 66 64 64 7 22 67 66
100: 36 79 37 55 38 57 69 27 26 33 87 51 70 45 55 34 99 72
45: 46 63 22 78 61 38 59 50 83 93 87 76 50 84 28 56 49 73
13: 46 40 4 9 32 37 59 53 88 58 37 47 66 58 10 51 76 67
103: 83 56 31 84 52 18 44 56 50 60 72 76 12 39 36 88 63 71
54: 85 33 39 6 44 42 6 1 53 19 70 66 35 27 40 47 37 69
31: 48 29 3 56 22 50 47 70 83 35 81 97 88 7 32 39 5 52
4: 67 69 45 6 53 82 40 60 44 37 45 54 22 80 59 95 91 54
