53 58 27 58 56 67 58 61 42 37 79 49 37 37 48 60 32 50 75 21 29 42 54
77: 89 51 74 68 49 36 25 70 90 68 33 57 54 39 34 53 59 22 68 22 41 57 39
59: 55 54 80 48 53 61 57 47 44 36 59 38 42 62 27 65 44 45 44 57 69 36 42
57: 31 76 79 60 79 32 74 29 40 49 33 27 23 40 60 25 50 43 23 43 63 19 42
80: 55 28 52 48 25 47 59 50 36 73 40 58 50 60 38 73 64 73 24 47 39 43 47
54: 22 56 62 43 75 25 33 37 32 30 51 60 41 39 50 33 60 13 49 32 51 51 76
49: 46 52 61 23 64 77 40 33 41 54 54 40 36 33 52 63 50 71 66 69 45 62 56
103: 33 20 60 39 47 61 49 45 12 66 45 62 46 73 29 55 70 57 83 70 62 97 71
63: 67 57 63 30 56 20 49 56 49 55 46 57 44 79 61 17 38 76 91 51 52 55 65
50: 33 50 35 26 12 61 63 38 62 58 57 56 28 55 83 49 57 17 20 51 50 43 75
52: 42 49 56 46 42 60 21 62 35 67 57 45 93 46 43 50 77 58 42 55 63 43 39
28: 30 57 59 80 78 51 57 37 27 44 70 36 14 66 78 52 58 44 53 0 18 73 47
4: 50 17 71 42 70 46 66 13 67 52 51 39 53 84 44 30 42 60 23 22 36 34 41
82: 32 34 22 66 43 20 44 13 38 37 66 52 48 63 61 82 68 46 62 61 28 33 62
