43 64 91 54 20 13 59 29 62 43 47 67 57 38 54 61 54 51 40 48 14 33 32 44 37 67 28 67 55 82 68
94: 75 42 47 30 47 62 52 31 63 82 52 60 7 54 53 51 31 33 47 38 35 45 51 68 38 46 39 54 23 70 62
59: 35 44 32 45 59 23 50 31 74 40 22 37 68 80 45 70 18 34 30 32 56 33 63 66 29 25 28 47 59 27 63
56: 45 60 26 56 58 38 65 33 69 49 57 30 47 32 70 53 39 39 36 42 23 43 52 28 42 42 44 47 40 44 41
92: 83 53 54 53 34 46 39 67 61 38 60 46 71 56 51 29 56 32 57 35 53 46 68 68 19 58 52 57 20 48 61
104: 54 49 53 50 40 38 44 44 47 58 39 59 47 59 52 41 47 45 69 53 46 67 46 25 69 42 47 55 42 51 43
129: 39 25 35 60 80 47 46 70 62 77 36 40 40 52 51 28 69 43 53 39 66 32 58 14 52 35 58 58 43 69 54
6: 33 39 71 43 57 58 43 45 60 60 71 45 55 62 53 41 53 73 44 63 41 30 29 70 54 61 35 48 53 62 55
12: 27 61 53 62 61 48 28 50 47 74 46 52 37 57 51 55 47 47 48 69 44 54 0 66 55 46 72 58 47 71 55
8: 81 51 73 61 66 50 55 50 46 41 38 31 12 64 93 46 55 39 52 46 50 99 62 37 93 24 92 46 54 78 18
109: 50 54 7 52 82 49 61 41 63 41 48 78 28 51 36 66 73 73 16 53 74 35 65 44 45 60 26 36 54 45 38
81: 50 21 53 56 55 68 38 55 69 48 65 33 48 17 55 54 57 45 42 29 71 42 42 64 45 63 41 57 35 43 38
106: 47 45 43 40 60 42 12 40 53 66 14 43 63 55 42 39 48 38 65 45 62 67 0 65 58 54 47 65 42 29 57
47: 47 23 36 45 67 61 35 53 60 42 54 49 49 44 31 61 45 35 45 50 44 49 50 45 50 35 54 75 53 60 74
104: 57 72 30 46 44 38 43 37 33 34 45 36 62 59 31 32 52 35 49 80 42 58 78 71 52 57 52 38 88 56 58
117: 43 32 58 36 43 58 38 36 17 27 53 25 56 65 19 40 35 53 47 44 55 36 34 62 52 45 70 8 68 42 53
83: 24 49 36 50 51 54 65 53 52 30 54 47 51 56 38 73 43 34 73 68 43 56 61 76 59 53 28 16 42 2 60
