1 37 48 86 52 16 6 9 75 20 73 92 40 11 44 45 95
67: 28 84 28 6 37 3 84 71 41 90 20 64 6 92 15 33 81
60: 8 49 29 86 53 43 83 94 48 15 79 47 75 62 6 89 12
60: 9 68 31 33 5 58 56 66 60 71 88 95 2 99 43 93 16
81: 98 14 78 56 52 7 26 6 73 20 5 14 64 54 54 36 71
104: 14 91 26 43 60 83 60 70 32 27 35 80 65 94 37 2 1
69: 88 52 98 4 77 41 10 57 17 35 70 91 32 50 62 52 28
57: 84 78 73 37 49 5 20 79 27 39 91 96 10 73 51 74 92
91: 89 48 27 96 38 15 34 47 6 95 54 40 41 19 30 98 2
20: 99 36 47 92 83 95 42 90 36 28 84 49 23 63 5 35 94
