70 67 46 25 51 5 72 13 47 85 24 89 55 48 47 76 58 47 54
23: 40 21 55 32 46 45 26 62 52 60 27 29 53 38 42 45 36 44 43
40: 72 43 24 27 57 48 60 54 37 55 49 44 53 67 64 45 51 44 53
57: 50 45 60 36 46 82 58 45 57 27 68 42 54 51 49 50 42 66 57
28: 64 43 55 43 36 50 41 37 47 37 36 32 28 33 76 45 67 49 84
81: 46 8 32 34 50 38 28 60 34 67 49 60 39 42 49 37 21 61 47
124: 62 55 60 60 30 49 43 26 43 27 68 65 55 63 41 45 29 39 67
44: 65 38 56 54 50 49 16 57 45 33 42 75 33 78 35 59 43 45 48
31: 65 43 23 67 43 57 41 48 49 66 47 50 17 24 41 16 25 36 56
47: 49 74 30 49 67 42 65 30 45 35 53 57 36 56 61 39 29 65 42
100: 72 42 92 61 56 62 78 60 41 52 40 62 54 48 19 62 54 38 44
80: 20 42 22 33 46 49 93 67 36 39 43 30 63 48 31 64 50 46 86
