52 67 57 35 44 47 65 53 38 57 36 61 69 35 41 26 12 54 59
53: 51 52 37 56 58 51 63 57 1 67 38 2 64 33 78 88 1 77 37
45: 26 31 82 30 31 34 97 87 69 37 71 93 57 55 97 52 31 48 25
115: 79 71 19 28 56 85 78 55 15 91 8 69 80 44 27 54 67 81 43
89: 50 76 50 21 52 39 90 51 40 35 60 57 4 89 86 79 38 64 90
90: 13 76 69 60 38 90 77 59 51 31 27 22 68 25 42 42 96 49 67
2: 4 56 53 35 44 66 67 94 18 14 67 30 12 50 11 59 83 89 19
110: 18 34 72 59 75 6 97 42 68 85 8 41 69 19 14 35 71 60 9
71: 42 50 92 82 8 43 45 13 55 85 71 80 64 72 60 69 50 49 95
24: 77 73 85 60 99 25 36 85 33 75 97 42 85 40 45 67 58 80 38
41: 35 25 48 49 14 76 29 79 7 31 54 28 38 20 68 27 78 89 47
