43 52 46 49 70 56 24 52 64 56 69 36 44
22: 44 16 27 93 62 43 47 4 22 43 66 1 18
67: 46 36 1 21 55 98 21 10 80 83 49 87 99
38: 81 67 54 11 47 40 72 47 92 26 74 16 35
35: 5 78 78 56 76 37 88 45 19 4 88 1 40
38: 79 88 25 39 49 65 51 23 39 88 95 44 90
28: 82 68 1 98 87 35 76 18 61 14 92 10 54
52: 84 40 49 80 82 28 67 40 50 17 85 46 39
74: 65 41 65 36 71 91 63 81 18 95 50 63 91
78: 84 23 85 93 87 44 95 40 48 15 14 61 31
20: 93 70 88 80 23 52 41 5 4 40 44 86 75
43: 65 90 14 95 84 4 82 94 88 67 18 35 76
11: 16 84 56 50 38 1 36 53 57 12 89 78 84
73: 67 44 21 13 66 5 82 5 28 4 27 59 69
