35 61 37 41 65 37 56 26 42 57 40 64 79 16 55
48: 48 97 71 1 82 99 79 41 81 25 36 55 16 38 26
46: 71 28 30 75 88 92 8 14 45 60 67 79 41 48 42
6: 97 13 76 86 36 52 29 39 13 92 45 74 41 35 45
34: 94 68 56 32 9 80 85 90 8 76 87 41 3 95 5
34: 63 55 22 74 46 40 4 13 94 84 68 49 26 59 68
4: 39 50 20 32 66 89 30 50 76 70 25 14 11 86 36
38: 63 46 97 71 39 67 20 91 20 49 80 49 66 95 22
63: 3 10 52 69 62 54 56 35 10 93 86 51 40 5 25
65: 63 20 51 3 85 87 73 1 96 17 66 81 63 25 28
23: 20 43 62 93 4 50 31 73 61 32 48 41 21 98 20
65: 42 12 48 37 52 81 46 56 36 61 75 89 19 61 62
53: 29 13 55 47 74 40 79 24 56 91 41 9 71 7 86
6: 68 7 57 69 12 68 95 69 58 60 91 36 20 94 14
49: 7 22 11 95 73 40 90 67 15 2 36 17 28 31 21
