63 36 34 30 59 51 47 55 69 50 27 71 23 52 40 33
38: 68 78 66 24 24 95 14 78 10 76 39 93 7 74 65 80
58: 69 36 72 10 3 16 15 2 95 23 84 21 25 56 90 56
78: 84 72 50 13 87 23 23 44 78 16 37 90 39 59 54 16
91: 42 7 73 18 57 3 26 53 97 53 13 61 1 28 72 58
25: 8 6 68 70 36 64 41 1 44 64 83 71 77 65 55 4
8: 70 76 39 42 52 47 65 17 44 96 70 85 68 64 85 98
28: 76 13 77 3 5 16 27 9 48 24 53 38 84 54 33 42
59: 61 85 4 48 72 22 96 73 91 97 32 96 58 25 50 27
67: 91 70 10 5 16 80 90 33 35 53 86 89 2 90 91 84
8: 95 2 2 39 40 33 77 82 88 52 63 97 32 93 11 47
78: 97 36 36 75 24 36 6 19 63 74 90 78 34 92 13 28
60: 54 35 59 71 90 68 48 39 26 51 5 1 41 63 60 62
34: 35 85 93 15 6 45 85 90 49 95 28 66 6 27 39 18
8: 45 27 10 36 42 55 51 41 66 55 73 60 69 61 40 78
67: 21 7 57 12 90 15 57 16 85 39 70 23 12 92 88 99
11: 10 94 15 61 25 8 53 30 40 57 18 63 46 11 89 97
