98 43 37 54 36 44 17 43 12 60 36 33 63 53 55 96 66 51 53
59: 40 97 90 34 62 24 28 38 31 57 78 10 9 56 65 10 43 2 45
102: 50 15 94 31 94 5 34 76 55 31 46 4 54 51 33 33 20 97 21
93: 98 10 53 3 39 68 26 83 76 87 17 17 63 58 81 51 51 92 35
122: 37 12 15 67 89 44 23 21 91 25 56 18 24 31 67 64 40 24 27
156: 71 42 69 11 68 90 2 6 52 88 50 38 75 69 65 23 86 28 77
16: 25 59 62 80 62 66 96 17 87 7 6 63 21 64 64 26 4 4 25
24: 42 89 3 96 39 63 7 19 6 75 55 49 33 16 45 74 14 4 33
4: 71 45 15 59 12 92 30 40 46 58 12 66 70 39 6 27 71 71 53
55: 96 73 44 94 16 68 44 97 69 84 57 76 55 15 25 56 8 2 32
45: 5 53 93 74 6 90 84 62 93 32 78 86 7 12 21 41 46 77 40
136: 64 3 60 39 84 83 28 74 15 8 55 64 85 91 8 4 61 32 54
28: 13 71 61 6 77 11 82 76 36 38 11 68 76 66 56 77 28 77 48
