94 74 34 27 83 38 75 31 21 5 74 65 13 28 68 58 3 45 45 76 53 44 1 83
118: 32 23 26 43 77 63 5 6 44 55 17 75 56 67 82 69 83 62 18 41 56 96 27 89
88: 48 63 28 61 48 74 10 54 12 95 56 42 3 53 62 61 98 42 39 62 67 81 3 52
48: 44 33 17 69 70 43 33 43 93 80 7 70 99 99 81 41 48 50 39 80 75 14 34 62
77: 42 29 57 47 94 90 72 91 32 57 36 39 76 62 31 85 94 14 86 4 94 93 31 2
98: 27 84 80 33 31 53 70 4 86 36 96 65 97 74 24 18 42 69 53 7 14 12 72 10
74: 31 38 75 49 17 21 31 74 74 56 20 4 84 93 33 2 17 14 74 22 86 80 63 75
41: 3 44 43 59 17 31 62 22 46 59 10 45 24 57 97 70 58 13 87 2 53 94 33 73
105: 4 63 24 49 72 71 47 20 10 75 73 78 78 68 6 22 42 46 32 64 33 74 18 50
125: 23 58 88 13 20 29 78 22 72 76 91 33 51 54 99 93 29 24 41 97 13 24 7 19
100: 82 10 97 46 87 3 50 92 48 2 29 46 92 89 77 70 39 80 36 36 29 90 49 62
50: 10 37 35 89 87 56 77 99 62 1 11 85 19 75 96 16 5 24 53 60 15 93 42 63
31: 61 62 46 66 97 32 72 45 86 93 96 39 46 5 79 89 39 48 86 36 52 74 33 86
9: 48 33 71 11 45 50 13 60 32 44 63 11 31 63 47 63 78 32 66 62 55 17 47 83
108: 78 57 67 44 70 58 34 2 35 13 53 12 15 85 5 75 82 99 44 84 40 18 86 66
