43 49 76 18 23 4 96 23 21 25 59 14 37 10 82 56 78 56 78 19
69: 51 61 62 58 64 43 74 61 14 1 48 57 20 64 33 62 41 39 66 49
70: 36 80 5 38 45 59 53 49 56 23 23 82 97 56 71 18 58 37 77 35
73: 49 53 50 47 52 90 27 45 45 67 69 54 96 96 35 97 98 36 59 66
54: 82 52 58 38 27 62 73 63 36 43 82 3 48 53 52 46 32 28 83 60
33: 18 42 42 60 49 92 43 37 82 88 54 65 57 41 40 39 72 32 80 66
89: 15 50 61 93 82 75 48 41 60 46 41 67 37 55 59 75 5 69 10 53
45: 29 51 44 50 69 16 18 1 62 50 64 48 86 53 65 45 35 80 64 39
78: 47 90 47 34 54 47 9 88 94 61 41 54 25 23 69 24 19 56 58 1
65: 58 48 70 22 62 31 27 38 30 49 27 56 77 61 47 28 92 74 69 60
75: 86 47 86 16 23 47 35 16 73 50 68 46 34 37 8 40 60 75 35 60
84: 36 76 96 55 64 43 55 47 52 65 28 70 7 52 73 28 76 64 23 36
45: 82 17 9 87 41 80 72 50 87 98 32 95 74 94 62 47 76 54 73 70
