90 23 39 30 47 29 26 26 88 68 24 59 57 23 30 69 48 46 58 42 59 60 77 32
93: 98 11 48 32 58 98 55 44 18 91 59 30 73 55 44 88 52 39 46 60 46 28 64 82
48: 42 35 27 23 43 72 4 33 50 59 63 58 42 45 93 50 61 31 53 52 27 67 54 38
61: 88 52 34 38 16 30 64 48 40 78 45 54 58 28 29 54 19 28 35 44 34 7 28 52
33: 70 30 83 27 27 86 49 75 58 80 38 51 62 43 18 24 48 30 52 24 55 41 10 52
51: 44 37 73 53 37 50 94 46 39 55 73 41 17 49 30 70 16 21 60 57 70 28 43 68
104: 95 49 59 17 99 38 64 66 58 9 40 90 99 36 63 50 49 15 65 46 43 53 35 24
85: 40 32 4 61 93 87 21 85 23 57 73 20 48 57 29 8 56 92 51 63 27 38 74 60
96: 68 43 9 48 22 24 68 57 66 44 24 94 85 78 23 45 97 80 66 56 89 44 88 53
99: 69 5 55 6 51 89 77 51 51 78 81 54 70 68 49 41 52 14 36 17 68 79 2 10
84: 69 50 35 83 23 55 40 62 75 64 49 58 18 4 33 53 35 48 49 55 35 39 43 25
99: 76 82 99 45 55 24 47 57 53 76 39 39 89 56 53 57 57 27 55 6 84 6 13 39
77: 97 66 35 29 44 64 63 30 87 70 15 87 72 27 43 30 42 7 86 2 29 6 78 11
51: 83 55 97 55 2 46 54 69 73 28 75 50 83 64 54 60 27 72 48 43 59 56 39 36
