39 73 68 39 76 64 63 41 70 47 60 9 70 25 37 43 66 53
74: 81 61 36 23 6 6 48 79 56 17 60 72 69 73 51 56 29 43
56: 54 63 58 96 33 58 57 48 63 4 57 99 57 59 56 72 57 29
59: 53 47 36 43 76 61 49 67 64 71 51 37 60 17 37 1 45 90
69: 17 52 99 38 60 83 50 78 6 32 5 46 68 4 78 25 59 44
59: 56 89 45 82 39 46 32 78 57 46 60 79 64 3 65 3 47 32
61: 23 76 82 35 18 50 47 29 88 70 74 68 52 41 53 29 52 14
80: 13 1 11 5 56 56 38 58 60 94 42 48 38 47 50 39 1 41
6: 34 37 66 11 86 84 13 53 38 88 66 48 49 24 6 98 48 45
88: 39 46 50 59 82 77 66 81 62 29 21 55 19 48 3 36 36 19
73: 41 87 91 58 76 50 78 70 61 41 67 62 49 53 16 49 61 39
79: 94 36 57 74 5 35 16 45 47 40 24 22 37 53 46 43 82 39
46: 19 88 28 63 93 36 26 49 72 52 59 75 46 93 29 5 17 58
49: 35 82 20 48 88 55 61 58 55 86 15 71 65 77 80 37 34 11
52: 40 95 31 52 76 48 84 35 43 66 90 76 57 48 9 81 41 58
64: 2 8 16 76 58 17 12 56 49 25 32 57 53 58 67 88 48 68
