41 1 88 24 32 30 13 97 22 69 25 76 89 38 93 50 8 89 74 7 15
84: 44 47 46 62 79 86 30 27 43 21 2 18 63 4 25 30 10 70 47 65 42
99: 47 68 91 28 9 86 52 23 88 35 91 82 69 71 84 78 21 21 13 99 73
46: 13 3 27 17 1 12 27 75 9 58 44 18 36 93 39 58 44 43 75 16 12
62: 70 45 34 57 97 16 62 4 69 69 48 73 9 81 1 94 28 9 38 72 14
35: 52 98 12 72 20 47 76 63 30 35 35 26 1 28 19 53 48 21 74 57 82
33: 83 42 94 32 11 64 30 30 96 3 20 98 75 55 90 43 99 11 63 50 4
42: 39 82 77 97 4 65 67 27 10 67 21 26 94 12 16 82 58 90 22 90 39
67: 15 89 99 35 11 50 26 54 47 66 82 63 52 53 15 59 59 73 16 13 42
77: 76 53 19 70 60 16 21 37 93 4 68 38 46 39 17 97 12 6 7 18 88
50: 20 42 65 46 98 67 91 58 10 93 58 51 69 64 61 8 64 93 12 31 89
29: 88 51 10 15 79 43 81 33 18 2 57 14 16 66 12 87 27 57 48 16 28
53: 85 35 78 56 64 33 83 64 21 7 30 37 58 81 70 64 86 46 83 8 47
