65 6 25 72 60 31 58 63 22 72 55 60 98 40
47: 66 57 19 42 38 44 98 59 86 28 68 17 9 42
33: 7 25 71 19 79 56 8 87 31 96 22 76 47 67
36: 80 35 58 46 24 53 78 92 74 69 9 60 35 96
37: 36 17 73 22 7 45 20 2 25 78 40 15 47 14
56: 99 18 4 77 70 69 43 71 32 1 27 88 62 79
34: 54 94 11 55 64 46 27 59 14 62 64 59 62 90
64: 48 24 9 43 47 29 76 11 20 41 73 48 30 16
14: 42 17 37 20 18 9 47 86 80 58 33 7 65 14
36: 61 26 10 69 10 27 91 59 76 50 58 14 15 28
46: 69 85 98 32 48 19 47 58 68 34 41 92 84 62
48: 75 91 91 51 58 79 99 77 14 58 45 88 80 39
26: 13 5 94 99 81 78 78 53 47 21 41 31 4 83
41: 56 97 16 63 55 61 14 85 81 34 41 27 39 10
55: 36 93 95 91 80 47 48 1 20 31 55 58 72 65
