36 94 3 31 31 86 98 13 19 63 6 38 61 8 2 65
35: 50 90 95 36 74 69 71 27 43 80 60 61 71 10 86 16
32: 69 95 51 31 80 67 54 43 96 27 8 73 35 19 40 23
34: 48 79 45 68 38 2 4 55 94 38 75 73 70 26 12 63
49: 11 36 37 46 7 17 25 32 25 20 88 85 47 17 13 39
35: 42 11 6 17 98 80 5 3 94 25 60 65 71 59 2 2
17: 10 90 35 7 23 65 17 22 20 13 23 21 24 70 43 79
40: 13 56 79 37 61 85 50 76 8 41 63 54 91 59 60 18
31: 75 22 28 43 28 98 39 42 27 10 6 69 48 91 19 7
58: 95 29 7 66 87 21 17 91 4 32 77 29 96 29 82 25
58: 67 69 3 41 85 60 88 70 83 34 53 29 27 62 50 36
39: 91 76 66 51 46 33 95 14 21 1 27 45 86 8 17 21
40: 34 76 11 53 30 5 97 65 64 96 96 78 4 31 11 16
27: 60 4 97 77 51 20 50 25 1 85 78 92 10 1 61 19
25: 86 52 13 97 28 53 61 30 24 35 65 81 99 75 54 47
44: 29 36 3 90 11 20 48 89 81 33 50 97 53 78 11 24
