92 63 58 52 65 11 4 6 5 76 44 34 58 51 61 66 97 54 16 93 78 65 2
108: 20 80 33 42 46 46 52 42 31 58 22 80 61 38 5 85 23 93 63 70 96 62 94
81: 36 44 34 67 98 22 16 39 36 8 8 2 58 95 27 17 29 89 48 52 84 80 44
92: 75 7 25 52 28 55 60 77 85 75 1 49 81 55 65 25 89 46 93 5 32 33 62
59: 38 39 88 95 45 54 37 29 63 10 15 96 13 70 54 1 62 19 54 32 67 11 46
49: 23 4 31 89 24 74 17 67 56 42 68 26 43 80 15 23 19 91 76 51 33 18 24
25: 40 52 39 71 53 65 97 69 78 1 31 51 62 63 41 55 88 20 72 33 85 6 18
49: 27 15 41 18 74 42 93 27 53 53 9 83 93 50 42 46 73 21 83 58 57 48 34
100: 14 53 79 91 99 69 82 95 32 89 24 68 82 31 26 64 18 25 76 61 73 36 83
8: 85 90 5 98 79 51 68 30 13 47 47 16 25 41 96 60 37 21 27 20 56 31 48
0: 26 51 77 54 77 94 87 35 67 93 82 34 88 57 53 7 82 54 1 38 44 55 17
133: 14 10 13 46 62 36 48 18 22 47 93 30 63 88 52 77 73 29 61 28 84 45 94
46: 92 6 81 26 37 27 17 79 96 93 37 52 69 1 1 73 22 83 72 44 67 17 58
86: 93 90 95 97 89 48 42 21 9 4 97 27 55 12 26 23 66 28 98 12 9 29 29
60: 94 2 93 53 93 18 25 16 35 73 51 33 75 43 48 26 74 99 63 41 50 96 54
19: 52 67 73 48 6 70 81 56 41 71 13 43 18 4 45 95 26 26 2 50 23 16 70
67: 55 81 52 75 20 90 69 21 22 7 98 12 30 3 69 12 11 96 18 21 55 98 97
