36 80 67 62 18 38 42 25 53 59 60 48 33 4 59 32
49: 31 62 32 51 75 85 86 25 31 63 51 24 45 47 82 49
46: 33 22 2 20 71 77 55 45 30 39 48 45 68 48 51 0
60: 21 52 44 53 69 63 68 37 33 99 36 42 54 37 30 37
131: 16 26 39 44 34 44 56 59 45 44 46 15 45 35 48 60
25: 32 59 60 61 52 64 34 36 49 37 57 34 69 68 69 44
97: 84 36 36 55 42 27 74 42 50 44 72 46 67 65 40 57
151: 60 30 50 44 77 64 75 54 41 26 94 42 38 50 70 70
34: 47 48 44 62 57 83 40 36 57 54 12 57 30 45 36 45
2: 12 63 76 26 43 68 23 61 41 38 52 46 53 53 57 51
5: 46 60 19 49 51 41 56 35 39 53 38 48 46 61 39 45
97: 71 24 8 42 46 59 35 52 50 56 43 60 42 46 37 52
