62 57 58 61 67 31 23 56 50 43 28 56 34 87 59 31 21 29 48 99 73 45
85: 80 43 49 72 46 72 28 40 50 35 42 39 54 38 28 26 41 51 32 37 88 81
59: 12 27 64 49 42 61 68 16 50 54 0 45 53 67 65 56 38 66 74 45 44 44
124: 61 67 56 31 61 39 55 52 54 29 38 25 59 53 45 74 60 77 12 35 60 61
96: 54 32 60 58 26 42 18 40 52 89 14 26 42 87 70 77 60 44 37 73 88 75
32: 66 52 22 71 37 50 50 54 75 68 74 37 56 54 49 48 44 30 48 43 37 59
31: 62 67 66 43 28 47 63 45 23 24 52 49 51 69 49 29 47 40 47 26 51 49
84: 52 41 33 30 79 32 74 39 39 22 63 79 49 45 60 68 62 48 67 66 53 40
26: 39 62 46 34 55 28 53 47 64 37 43 70 54 70 74 54 68 29 52 34 54 46
122: 5 60 57 73 49 56 29 54 57 51 72 48 36 50 70 51 29 36 45 88 69 38
60: 68 36 50 64 55 26 37 45 52 77 65 62 55 39 61 67 44 61 70 52 11 47
62: 32 65 38 36 60 29 47 32 35 55 55 55 51 51 70 61 69 43 37 39 70 64
73: 50 35 49 55 9 81 49 38 71 61 41 58 76 30 44 1 34 68 44 38 48 52
48: 42 50 41 57 61 60 69 42 51 48 47 35 41 37 66 65 26 68 57 53 42 52
