83 59 51 56 28 60 18 49 65 73 0 55 35 10 57 55 25 48 89 39
97: 88 58 57 17 57 41 39 42 53 65 37 35 57 40 86 55 32 26 64 25
20: 17 96 55 86 21 22 96 85 36 69 32 55 47 48 61 18 60 37 4 2
121: 33 37 38 65 19 20 73 16 65 32 78 57 84 16 61 56 89 66 55 95
65: 41 50 54 18 57 61 38 50 44 72 43 52 90 66 49 65 42 71 55 41
91: 52 55 3 35 32 20 53 42 38 48 31 95 51 12 53 73 48 75 13 76
7: 54 30 37 74 27 50 60 66 54 22 65 97 86 22 90 27 67 27 51 68
84: 3 55 52 53 44 67 62 57 33 63 30 65 62 34 48 31 65 62 70 80
27: 94 15 82 45 68 34 47 50 63 38 35 11 59 28 54 44 81 53 42 43
113: 68 53 59 52 24 62 53 43 69 77 40 46 22 43 70 44 41 46 32 32
128: 94 17 45 12 52 37 75 29 53 17 16 85 87 50 8 0 37 43 77 29
115: 65 41 49 84 9 50 41 28 22 76 43 99 66 9 42 30 74 41 62 94
43: 62 52 61 83 69 88 43 55 7 65 63 88 87 54 36 30 51 21 41 33
