55 30 49 59 57 15 5 48 62 75 57 77 73 45 7 4 48 30 79 96 83 49 73
9: 46 57 67 52 64 80 64 47 52 86 70 41 31 53 16 74 26 88 36 13 51 51 48
100: 33 4 83 80 66 33 25 10 79 51 65 75 42 67 51 79 89 2 54 64 12 55 46
157: 68 40 41 26 90 55 47 19 64 53 32 32 96 62 51 63 39 70 62 56 44 48 60
59: 79 78 37 59 31 61 49 71 14 56 12 64 57 51 58 23 9 89 57 21 40 49 89
22: 55 47 44 72 19 38 82 29 19 23 23 28 54 1 37 58 93 56 56 36 87 35 50
177: 48 54 63 60 94 48 93 65 57 61 63 81 38 44 35 41 35 61 95 8 88 65 50
35: 56 59 88 46 56 18 57 51 48 62 92 3 37 43 50 79 41 6 65 81 1 29 38
89: 53 44 10 7 54 42 26 49 49 8 27 65 59 51 15 45 62 49 55 12 16 31 70
46: 44 65 23 69 59 71 43 42 9 55 34 53 36 45 76 50 28 31 51 20 35 85 86
39: 59 51 7 25 38 54 66 55 75 27 56 60 80 64 63 70 99 73 44 44 31 31 8
7: 48 77 56 22 84 93 50 61 83 41 35 28 59 45 33 49 43 53 27 39 42 62 82
9: 37 52 40 39 38 13 49 52 35 63 54 25 26 69 80 66 49 89 82 59 56 42 38
90: 44 80 99 67 75 65 43 24 47 91 85 50 72 31 57 83 90 76 10 57 62 29 31
