70 29 49 14 49 11 96 73 78 96 45 95 18 69 44 63 62 96
111: 71 72 48 39 25 28 60 48 46 39 28 96 84 78 43 58 66 38
46: 31 14 32 85 32 78 53 25 29 88 97 70 1 81 46 52 9 65
12: 33 96 20 62 99 7 6 72 17 62 95 19 56 12 20 72 55 67
20: 32 31 47 94 29 96 77 41 65 35 62 52 52 16 63 42 82 77
20: 45 49 81 68 17 29 92 51 42 33 29 81 54 78 69 15 33 31
86: 94 12 51 27 48 7 54 41 75 25 48 37 58 76 38 43 72 61
51: 41 30 36 59 80 56 50 43 58 43 56 35 31 91 91 11 58 78
127: 38 78 49 65 40 14 58 35 40 80 31 98 92 3 31 86 5 4
73: 47 15 51 41 12 2 20 44 82 42 80 35 88 49 29 45 55 78
85: 17 86 69 67 75 66 69 38 51 42 21 36 77 30 55 96 14 51
3: 49 21 99 60 51 60 45 41 50 32 83 50 99 24 51 28 33 28
120: 35 42 65 39 81 74 76 98 34 24 35 27 46 44 50 59 75 53
9: 9 18 72 60 95 61 28 27 11 62 51 45 28 73 68 35 66 84
119: 9 86 49 81 29 26 74 88 68 24 43 26 86 72 70 11 58 40
