91 30 61 44 78 84 33 11 45 17 53 84 48 35 58 19 74 25 61 51 57 96 73 15 81 37 25
15: 64 21 41 41 56 59 10 28 32 13 65 2 52 64 66 44 93 56 66 52 84 41 53 66 17 40 11
73: 67 97 42 14 19 98 78 67 60 59 40 50 50 48 80 65 75 86 41 1 24 50 47 7 54 64 42
76: 89 99 18 76 79 41 54 53 49 60 51 54 44 59 89 20 35 5 49 46 46 74 88 29 25 31 96
87: 42 10 2 2 55 49 83 38 69 58 40 66 33 39 94 28 29 20 44 77 52 40 76 40 33 35 51
56: 14 39 95 22 35 53 55 71 29 63 81 33 43 36 34 16 98 99 67 72 78 70 59 44 71 66 97
115: 19 66 72 52 29 46 59 77 51 33 48 52 60 83 53 14 44 40 31 81 44 88 38 94 58 46 64
119: 34 75 44 85 63 55 5 60 32 33 7 49 33 48 61 42 57 90 41 59 13 49 43 15 55 61 59
54: 90 74 59 71 6 28 24 78 61 29 32 29 89 48 28 57 22 26 28 13 96 65 18 39 45 53 37
29: 54 23 51 48 77 71 39 32 49 51 61 41 23 30 33 79 48 95 57 6 79 30 27 8 16 29 57
62: 24 97 37 56 2 53 51 74 41 40 32 69 51 51 68 42 76 60 54 59 20 69 35 56 59 71 8
94: 46 50 49 2 81 65 60 36 57 11 8 65 1 58 58 18 96 68 99 97 6 81 1 63 43 30 65
65: 45 58 56 46 35 43 76 45 17 26 44 77 51 38 64 42 77 43 57 62 68 50 43 71 54 62 23
105: 12 14 77 39 50 64 53 44 9 55 55 36 46 35 39 28 46 30 19 70 47 55 7 55 74 49 49
32: 6 7 53 38 17 51 62 57 26 24 38 36 57 70 21 85 3 24 37 54 42 73 35 37 66 18 32
8: 55 42 54 80 93 44 26 14 49 57 72 57 75 38 48 38 23 55 43 72 63 55 38 84 83 46 19
