51 21 55 37 35 51 51 76 42 73 42 34 47
21: 18 48 70 60 84 87 4 99 58 66 43 73 76
57: 91 86 78 89 99 11 28 18 53 4 90 54 31
28: 97 71 8 84 19 71 50 28 42 22 31 54 73
19: 71 38 97 38 66 27 84 60 34 81 6 71 82
37: 47 94 63 6 77 34 21 76 79 33 17 55 90
36: 3 62 72 72 87 87 19 53 38 50 89 56 53
44: 41 79 17 83 86 20 10 77 88 54 42 66 75
68: 81 70 96 91 75 91 49 55 77 75 83 77 70
42: 94 5 35 30 46 47 14 10 46 2 89 23 27
33: 37 56 90 18 15 13 90 92 13 39 22 15 31
41: 58 89 18 90 80 12 15 62 25 52 59 56 7
26: 68 1 41 14 90 5 48 48 95 55 77 80 59
