33 53 56 25 65 45 53 52 53 39 43 47 72 54 31 47 82 48 43 33
80: 9 17 9 13 66 55 2 49 84 91 4 38 28 29 52 20 32 33 8 50
32: 10 86 13 58 20 78 43 53 39 73 61 26 21 31 22 47 9 69 37 11
49: 22 3 4 30 43 86 13 99 70 60 65 9 9 11 78 49 67 31 83 79
28: 1 88 12 22 3 53 40 64 2 33 81 65 8 2 69 39 59 3 10 14
83: 99 67 26 1 75 61 71 42 17 83 33 71 55 69 47 90 14 12 51 94
14: 53 89 43 19 95 62 12 14 55 82 56 97 89 67 4 62 46 83 43 47
97: 41 33 77 79 58 63 94 25 26 46 39 11 76 20 11 73 85 81 52 97
6: 25 15 60 23 89 7 33 34 18 54 10 2 36 24 32 79 35 73 54 52
58: 53 83 34 56 11 80 27 23 90 23 17 27 3 98 6 66 10 19 12 9
44: 6 2 45 48 93 18 98 47 62 42 67 79 46 67 9 55 22 27 52 90
20: 73 71 12 69 97 7 60 27 32 95 83 9 29 96 57 8 83 42 61 64
61: 10 80 79 58 29 10 44 55 45 57 68 92 44 25 85 27 92 29 98 92
77: 83 1 33 12 98 46 3 16 43 52 64 99 3 91 23 88 24 48 75 69
90: 26 18 20 28 75 14 63 7 52 22 36 45 11 85 68 61 18 41 38 44
109: 2 37 13 15 28 93 71 61 59 75 43 92 26 27 19 70 28 92 97 53
