62 12 7 48 75 89 49 23 1 87 85 42 46
31: 29 67 97 36 61 27 16 47 2 18 34 68 25
36: 75 86 43 66 95 93 15 67 3 6 59 64 25
47: 95 76 37 87 15 94 25 61 49 47 91 2 53
23: 17 78 5 10 30 10 61 96 53 50 67 87 41
35: 86 8 64 58 95 15 80 41 96 75 66 88 69
48: 39 44 38 42 68 84 11 23 10 21 13 14 52
45: 80 16 62 71 58 88 34 27 37 52 6 75 44
29: 84 93 81 55 72 5 99 62 30 63 52 39 53
44: 46 68 54 31 66 42 54 63 85 10 93 2 8
36: 28 21 20 59 95 32 1 79 68 81 12 31 26
42: 30 74 56 73 15 8 20 24 34 85 42 96 35
34: 25 55 64 39 69 21 81 31 92 75 57 35 71
