2 69 45 20 72 42 1 15 89 19 16 72 99 39 77 2 98
40: 77 70 60 96 36 8 3 7 76 44 82 82 52 89 56 47 70
43: 25 46 91 42 70 68 61 5 10 50 61 52 32 41 46 71 41
55: 82 55 47 39 28 78 42 79 76 9 34 38 98 64 42 19 97
43: 14 93 35 66 18 35 52 97 91 39 14 34 37 68 12 71 61
53: 13 97 90 89 41 38 93 82 34 37 62 35 25 32 53 77 78
67: 62 56 55 83 83 12 37 93 17 91 20 63 75 12 46 54 37
42: 66 71 24 67 47 17 42 49 78 4 50 63 26 34 54 84 4
80: 39 7 3 5 17 74 33 14 63 51 18 73 34 37 81 94 81
61: 41 98 16 86 91 77 93 49 86 61 15 89 34 26 15 82 84
48: 1 92 2 26 27 90 40 28 59 91 39 6 99 78 56 20 62
69: 67 79 25 19 88 15 26 54 3 46 29 94 91 4 55 44 80
86: 63 27 3 11 53 27 47 25 21 87 64 21 35 29 17 88 99
59: 16 86 93 56 77 1 51 21 10 25 52 89 75 26 54 74 89
