9 49 68 60 79 22 36 58 60 95 71 32 4 11 12 64 2 17 14 66
42: 70 48 85 53 44 12 42 62 76 21 17 40 12 99 86 86 69 94 3 6
47: 52 18 1 11 98 51 60 64 61 35 63 51 72 60 63 61 31 61 88 14
57: 62 63 8 78 5 61 29 22 3 12 34 57 9 94 32 38 55 46 88 43
43: 87 90 39 20 35 64 29 7 44 14 19 17 68 97 12 4 20 34 83 13
69: 87 77 22 32 91 12 52 26 96 4 86 15 16 19 37 53 36 81 16 40
62: 18 34 30 31 73 2 63 95 88 15 23 31 23 52 61 26 58 70 6 74
50: 17 36 14 66 25 42 36 76 85 5 51 57 8 78 87 55 85 24 16 40
18: 86 31 48 94 57 76 27 82 70 40 61 31 57 55 81 49 50 98 71 82
36: 72 68 11 67 70 59 46 93 48 72 74 56 95 16 47 32 19 9 56 78
31: 83 54 42 27 90 92 20 97 82 87 6 50 89 38 64 65 92 32 48 29
36: 1 16 80 20 44 85 70 33 44 25 93 70 84 61 92 59 16 89 5 60
43: 50 14 21 54 70 57 44 20 34 99 68 77 89 46 41 86 84 18 60 87
59: 40 5 35 63 69 15 93 57 23 50 4 11 3 14 65 19 35 28 3 96
40: 50 8 72 84 41 3 46 9 90 74 37 43 40 63 77 40 86 18 12 68
