15 60 33 43 31 28 25 27 34 69 64 73 42 9 47
41: 36 78 26 91 60 7 7 1 81 7 8 94 48 83 35
36: 99 18 26 43 90 33 33 54 89 28 22 76 13 73 49
31: 88 65 12 25 67 93 47 2 15 68 49 94 99 57 60
31: 10 62 27 76 11 15 31 24 89 81 43 90 97 5 85
18: 93 43 34 12 75 3 49 73 83 82 55 21 71 72 2
37: 57 98 98 80 69 73 69 80 78 8 83 88 5 24 4
19: 87 47 53 9 84 72 53 20 42 60 40 53 5 64 98
30: 28 42 35 47 26 52 96 84 44 70 3 22 33 30 61
19: 48 87 34 21 84 70 37 57 53 53 18 19 78 41 98
54: 98 53 51 97 59 69 98 8 91 77 36 39 9 72 20
21: 51 82 82 4 65 14 20 75 2 55 11 24 28 45 15
14: 57 17 15 53 62 10 47 72 59 31 8 49 34 49 30
30: 19 7 53 26 44 64 67 22 51 65 66 82 93 45 68
32: 60 57 66 61 94 66 74 23 43 30 11 49 76 72 15
35: 54 94 54 75 69 42 19 13 85 94 68 3 57 92 29
