50 9 11 34 17 59 92 74 20 54 10 33 78 76 59 82 3 65 61 17 38 71 47 19
32: 13 91 26 23 39 52 23 86 27 55 56 17 15 82 90 18 16 74 95 62 71 7 72 5
78: 21 86 12 17 79 39 91 72 11 35 4 15 60 89 46 9 13 47 97 16 83 98 32 52
31: 98 50 8 45 62 9 95 54 50 32 17 99 9 82 5 83 3 69 82 55 29 19 90 3
79: 91 47 60 54 47 46 83 20 42 98 70 75 25 78 87 98 54 95 29 93 76 67 76 17
58: 44 48 38 21 58 80 69 6 82 50 3 68 25 90 79 78 91 55 65 58 12 36 62 48
68: 75 39 85 31 17 48 87 91 41 54 66 5 25 18 82 92 54 39 46 97 97 53 70 85
105: 51 44 24 71 80 33 79 12 81 46 25 68 32 54 92 59 4 3 35 77 24 14 23 92
129: 85 99 12 44 62 51 82 1 68 48 83 31 71 41 1 31 97 16 77 2 89 84 72 50
95: 46 15 26 3 37 10 52 36 99 35 21 10 2 55 77 66 80 10 88 19 43 39 32 63
37: 89 12 80 67 32 62 19 69 83 17 57 35 14 11 96 46 36 61 9 97 64 85 91 44
60: 83 54 77 70 60 58 92 85 26 71 74 59 43 61 32 46 50 77 72 79 66 49 40 46
58: 13 74 24 99 52 18 15 51 42 39 4 63 94 87 77 93 92 15 86 35 89 28 30 87
74: 28 7 56 83 88 77 67 57 29 30 48 48 23 79 60 9 89 27 57 77 18 40 40 25
60: 39 1 25 70 21 77 24 84 77 57 77 75 11 93 47 44 31 56 94 14 90 30 9 63
31: 14 57 92 31 99 72 26 6 5 45 47 33 67 71 62 41 82 7 22 63 35 86 89 52
52: 93 98 41 78 93 89 29 91 40 41 35 6 72 32 16 5 44 84 53 84 70 35 80 6
