36 69 63 19 22 12 73 13 5 39 70 63 10 98 38 75 35 63 21 44
154: 88 7 78 21 24 55 63 31 79 72 94 33 78 98 11 67 53 87 74 74
36: 11 40 36 20 98 41 66 72 22 33 87 66 76 65 8 81 22 32 74 41
16: 23 70 76 67 65 67 49 37 68 84 84 45 80 70 48 8 54 47 68 20
29: 94 9 42 8 68 34 64 56 78 48 93 89 50 1 8 63 3 50 53 50
137: 30 74 39 70 24 61 4 35 86 88 19 39 86 35 15 35 19 92 90 45
29: 9 51 52 64 10 27 43 22 22 11 98 31 89 89 98 40 22 43 56 75
15: 93 13 71 89 94 33 21 57 76 87 45 80 40 44 76 89 58 30 14 9
28: 13 42 11 3 24 90 18 49 87 79 10 6 51 23 4 79 95 61 15 50
153: 12 34 94 11 20 93 59 19 91 7 99 7 51 54 66 56 40 64 32 68
28: 60 3 20 8 46 32 1 4 32 13 17 10 65 30 50 35 91 23 99 51
122: 20 34 47 10 74 42 87 81 8 17 42 12 23 2 89 52 91 40 21 38
50: 21 68 34 90 73 99 71 3 71 81 41 44 89 86 77 78 95 73 20 60
