70 30 45 94 14 60 91 97 20 53 67 19 75 11 3 27 54 71 97
41: 6 25 86 37 79 93 74 87 84 62 80 88 57 32 84 27 49 1 83
93: 3 50 38 27 62 94 32 44 98 37 57 51 24 96 99 5 53 51 29
2: 28 9 48 86 87 97 83 32 99 19 11 31 42 18 42 49 34 51 60
111: 28 2 2 4 70 16 60 59 62 45 7 32 41 56 75 14 14 78 66
27: 96 22 34 22 76 61 68 12 13 74 75 1 24 44 24 88 68 68 70
90: 94 11 29 3 50 25 94 19 59 21 53 80 3 28 56 22 13 42 71
63: 67 56 69 19 45 37 73 78 56 55 70 70 78 46 15 40 92 59 79
95: 81 49 34 69 28 87 26 86 71 13 37 83 10 56 10 7 64 17 82
78: 42 35 28 68 68 53 18 5 53 84 66 88 92 95 53 72 51 23 47
78: 59 5 84 71 89 39 97 83 2 22 14 45 52 76 37 87 70 97 59
