51 91 59 30 73 77 85 3 66 53 98 66 44 31
32: 12 56 65 43 52 40 48 53 62 31 35 11 45 57
75: 70 42 38 53 9 72 39 64 51 62 25 42 41 36
63: 45 49 63 56 60 29 56 16 65 50 71 95 54 57
47: 38 48 83 60 61 72 83 63 95 39 85 5 74 82
47: 41 26 44 35 13 41 44 33 57 63 37 48 76 27
117: 37 81 82 56 35 72 41 16 28 41 63 52 61 26
9: 18 66 51 33 74 16 68 33 38 2 34 56 38 52
68: 62 27 89 38 40 57 68 23 74 73 64 11 45 96
56: 45 53 87 50 39 50 45 16 34 50 15 37 79 58
53: 78 90 53 13 12 60 73 48 29 64 26 16 39 19
71: 93 63 29 18 56 68 98 55 42 53 41 94 50 91
76: 62 48 86 87 20 36 57 75 34 55 13 33 19 50
