98 97 56 25 99 61 35 99 50 23 4 44 55 66 56 48 21 45 61 32 25 11 43 34 56 67 45 26 39 62 30
29: 64 65 89 92 9 37 48 58 57 66 54 79 42 76 66 63 77 74 33 81 69 47 40 58 18 96 34 70 52 51 62
58: 22 36 79 91 23 56 27 36 76 86 37 46 49 39 43 28 27 4 10 86 36 95 94 49 39 41 79 23 48 78 53
134: 46 61 56 57 46 18 43 5 47 36 46 52 84 54 50 4 40 1 38 67 59 56 21 71 62 70 76 24 52 36 81
45: 91 44 52 30 53 23 68 79 28 58 76 37 71 43 34 35 62 46 64 45 17 60 66 1 51 72 52 31 7 59 65
100: 46 84 89 14 9 95 12 49 62 36 38 68 12 26 93 84 68 67 43 65 58 54 7 56 38 2 82 61 44 64 34
60: 31 36 79 50 58 27 49 52 50 35 38 87 93 64 38 42 97 59 30 56 69 34 18 17 46 91 41 5 64 35 77
86: 2 98 23 23 72 37 6 67 52 72 61 79 41 95 54 54 3 38 65 20 53 92 37 40 94 42 2 49 7 91 12
92: 81 62 27 30 15 48 63 40 99 73 49 68 89 55 13 63 47 42 57 51 40 59 54 83 51 44 40 50 58 55 61
103: 16 86 50 41 76 47 80 65 33 68 38 92 56 45 51 33 56 24 46 52 90 8 31 46 92 53 19 70 73 83 54
44: 42 47 38 98 52 15 48 36 70 20 35 24 47 65 75 85 52 68 57 50 26 65 26 15 39 41 76 79 62 75 47
119: 92 54 52 36 35 80 74 43 31 59 84 32 64 61 74 55 39 86 25 7 34 52 55 3 89 62 82 90 6 75 52
63: 66 31 55 59 50 93 51 83 33 52 85 49 76 39 33 78 4 54 47 95 49 16 49 43 61 31 49 48 58 25 28
81: 49 2 41 80 28 61 69 70 75 35 42 99 69 70 44 8 76 60 69 60 9 33 24 56 43 53 66 23 27 69 49
70: 50 48 57 20 45 45 59 33 71 49 35 25 57 95 50 39 61 51 66 26 24 39 62 62 37 89 60 43 72 54 49
74: 53 63 30 69 20 70 78 35 50 37 54 28 18 48 47 81 21 69 61 35 66 40 67 38 94 55 59 39 62 45 40
71: 0 77 30 89 71 23 70 37 48 45 83 2 28 41 19 63 20 46 55 52 43 61 35 85 16 5 36 56 23 20 65
