87 43 78 73 98 83 87 28 14 92 13 15 67 5 95 57 10 56 8 29 97 24 16
63: 23 32 37 72 65 42 49 38 61 64 46 55 24 33 35 33 56 61 59 41 37 64 32
126: 74 33 31 38 19 52 35 28 50 54 40 37 66 47 61 28 41 78 54 19 36 79 54
67: 41 52 21 45 54 24 16 60 46 70 37 54 57 62 32 45 39 70 51 52 40 39 8
70: 52 37 63 64 34 27 52 67 52 46 34 43 39 74 48 55 43 22 45 52 68 15 47
31: 51 41 56 72 56 60 41 30 71 77 27 76 32 22 31 43 53 47 36 59 52 28 65
109: 39 52 61 46 45 31 62 58 49 24 19 70 49 64 61 65 99 62 58 36 69 59 60
72: 67 56 44 41 55 59 39 61 54 22 62 67 70 22 49 23 55 51 8 43 77 46 61
65: 55 53 60 33 49 46 45 43 48 19 46 40 81 66 70 77 40 29 52 64 53 62 77
113: 31 32 55 28 44 65 35 31 69 72 41 52 51 45 64 44 57 51 41 19 54 82 39
97: 39 27 74 16 63 53 36 41 77 45 48 34 49 33 59 20 53 50 48 38 30 41 79
109: 15 41 53 61 32 52 29 67 56 28 24 77 70 43 59 30 82 47 25 71 58 58 70
73: 56 22 78 77 46 62 58 28 92 31 54 47 54 43 52 53 61 68 31 67 51 21 49
