27 57 49 24 91 96 2 61 1 37 80 97 84 21 93 55
81: 64 74 52 63 42 50 44 8 32 3 84 44 41 64 38 57
95: 49 64 58 23 33 66 53 43 49 44 46 51 59 47 32 21
67: 48 34 54 55 24 65 43 41 11 45 62 39 43 28 37 43
46: 48 88 64 77 16 73 40 64 58 72 50 27 45 38 51 42
59: 49 78 19 40 64 41 75 31 48 29 34 28 70 36 60 77
85: 59 42 58 55 37 43 33 47 36 44 62 24 56 22 61 78
56: 47 24 20 73 78 46 31 53 32 79 39 39 37 55 62 53
44: 67 48 76 62 52 44 37 37 39 79 55 99 56 49 79 26
31: 47 51 52 59 77 72 27 46 53 60 0 36 31 42 42 55
35: 29 41 72 67 26 46 68 46 46 42 53 37 54 59 22 53
39: 55 69 42 23 58 56 51 44 47 0 53 43 68 34 60 36
64: 41 35 65 88 33 54 32 55 18 61 56 32 50 52 59 60
61: 45 67 31 30 72 47 37 57 37 49 31 61 73 37 36 59
