93 67 96 11 63 85 71 43 73 52 24 24 55 4 22 7 40 58 83 33 16 41
68: 31 43 69 35 32 69 50 61 63 53 62 62 72 65 40 80 17 52 37 38 50 26
50: 58 69 61 20 44 32 42 25 48 61 29 37 50 35 79 44 49 72 71 44 34 50
128: 14 34 28 50 31 19 48 24 29 49 70 52 54 75 65 56 43 62 48 65 57 41
92: 62 60 31 62 66 89 38 41 73 39 49 44 68 59 49 32 45 41 47 83 32 35
61: 61 56 55 55 57 43 83 43 57 20 77 41 54 42 62 38 25 34 53 71 74 45
91: 45 31 34 70 34 58 29 52 34 26 76 44 60 55 75 37 29 64 71 76 10 37
90: 47 48 52 33 39 32 24 82 46 37 60 50 36 61 22 22 49 40 38 51 39 44
66: 57 67 61 41 63 89 65 68 60 50 39 37 66 71 52 43 52 14 87 21 52 39
52: 31 66 76 42 56 42 59 39 85 44 47 77 53 66 34 19 41 68 50 46 25 32
51: 45 71 31 40 46 41 39 34 42 57 63 37 36 37 70 24 48 56 42 50 41 51
55: 73 55 75 55 64 54 53 38 68 45 44 50 35 49 52 68 77 48 62 30 62 51
36: 78 59 54 72 26 65 36 68 26 42 16 59 69 48 44 74 61 65 20 60 34 62
91: 53 67 69 38 55 69 55 61 57 51 51 18 36 50 34 36 81 53 49 54 50 27
61: 51 72 77 49 61 54 41 58 68 52 42 34 40 56 59 49 48 68 20 61 45 64
