45 29 50 25 80 24 66 13 78 80 61 86 54 43 96 38 99 5 26 8 21 62 90 52
95: 75 49 43 41 60 79 43 32 23 42 47 39 44 44 71 70 47 34 27 61 29 43 75 63
44: 71 30 55 52 92 76 43 65 52 57 61 55 35 99 68 45 41 51 44 40 63 44 72 45
49: 47 62 56 35 82 44 87 31 40 24 40 57 60 44 48 36 46 55 34 39 38 36 32 94
87: 58 43 50 31 36 58 70 63 25 66 54 46 42 38 47 71 91 49 28 47 73 57 70 32
95: 71 37 44 41 38 58 47 65 70 28 55 48 43 26 25 29 48 21 40 49 43 80 63 60
102: 42 41 56 25 55 35 47 56 59 71 51 32 39 43 45 71 38 14 14 71 22 42 50 79
119: 58 84 46 37 31 59 18 52 72 47 50 46 70 78 38 57 45 51 46 62 41 23 47 69
92: 66 65 27 44 28 50 24 50 48 22 51 42 51 72 39 43 56 55 53 51 56 67 47 49
59: 87 40 60 60 32 52 48 35 59 60 42 41 27 50 41 66 36 63 58 64 67 71 66 48
73: 62 45 71 55 29 39 67 53 59 37 44 62 22 48 58 52 41 59 52 34 80 73 51 0
61: 63 56 43 26 69 58 59 60 38 53 52 40 55 47 52 72 53 61 42 59 45 58 40 44
66: 53 77 55 41 36 79 43 16 52 51 56 28 56 62 24 75 47 48 40 36 54 61 68 42
100: 72 53 73 50 10 69 26 15 13 34 60 31 52 46 50 60 73 41 62 40 36 44 46 46
100: 41 57 41 59 29 63 63 41 77 60 55 54 72 61 99 53 23 54 48 69 71 45 61 24
41: 55 51 26 52 57 61 44 63 15 45 75 42 53 65 53 47 35 92 34 78 35 46 49 76
