61 72 12 22 35 84 56 52 55 10 56 17 36 17 25 23 97 81 73 60
45: 38 65 68 53 43 68 49 56 60 68 79 32 49 49 74 62 17 30 64 32
51: 52 73 55 44 62 57 16 47 53 68 56 37 64 47 44 35 42 86 51 69
44: 30 49 12 51 38 52 25 31 35 61 67 46 45 43 50 37 48 49 41 29
44: 51 66 48 66 43 50 57 51 65 48 57 53 57 46 39 47 56 53 40 21
55: 40 59 34 26 50 46 60 57 48 57 45 49 24 66 33 39 32 49 53 42
40: 48 60 43 59 43 78 47 37 43 59 14 27 60 49 44 42 52 37 46 59
26: 42 45 21 54 45 67 42 66 55 20 46 82 67 41 52 49 50 52 57 50
21: 54 69 8 71 43 22 70 29 60 11 51 25 65 59 23 86 41 59 51 59
61: 55 55 29 45 48 46 87 48 62 69 33 65 23 71 59 76 61 76 27 24
49: 41 74 57 66 41 54 68 62 35 67 65 81 74 32 48 70 43 39 60 32
19: 2 45 45 19 53 4 57 75 41 47 65 33 71 21 39 48 65 23 47 43
46: 40 43 58 53 33 58 38 50 36 54 56 68 51 40 42 43 28 59 53 45
49: 72 48 50 37 52 60 60 74 85 35 66 50 41 69 58 27 5 24 46 35
35: 62 68 84 65 46 80 62 30 62 61 25 38 35 39 46 40 59 22 69 36
77: 20 43 62 33 65 26 39 35 75 60 61 54 62 71 27 45 29 16 48 67
48: 44 41 49 37 56 44 56 44 41 24 24 43 29 43 13 63 73 38 75 71
