53 52 49 60 23 44 87 41 78 82 56 41 46 43 11 48 34 26 31 53 58
100: 85 37 63 55 44 38 55 80 16 46 68 5 29 58 20 35 67 73 60 54 33
41: 96 63 29 25 47 44 34 38 72 38 40 94 91 37 93 60 19 44 32 48 23
13: 53 42 57 35 10 75 60 83 48 10 64 80 59 47 88 47 73 18 24 91 64
25: 61 96 55 84 58 53 44 47 58 80 43 49 61 40 23 1 57 24 92 23 20
89: 78 30 54 60 67 26 56 49 44 24 60 46 31 71 20 27 33 34 43 15 37
89: 79 98 87 29 30 41 81 16 56 49 44 40 29 29 42 40 22 37 79 27 97
80: 59 19 37 40 71 56 80 60 17 54 46 69 53 61 17 60 35 19 77 70 39
103: 76 67 40 63 31 62 33 33 62 41 34 54 88 70 58 46 50 75 74 61 47
65: 52 62 92 24 69 37 37 29 43 41 94 49 58 12 16 70 98 48 88 18 1
92: 83 4 22 14 78 62 97 78 78 73 97 65 20 48 66 24 41 56 87 49 20
59: 90 18 98 70 69 24 66 24 53 90 45 8 64 52 52 61 61 51 31 67 41
90: 27 94 61 58 29 45 39 48 41 42 67 63 50 39 30 50 31 32 63 67 51
