42 63 51 41 25 24 50 48 58 30 52 74 44 39 36 40 68 48 53 65 54 63 64
100: 43 46 32 28 9 35 40 58 26 38 68 53 40 35 60 55 27 29 28 61 3 71 31
53: 32 57 39 71 87 6 34 68 32 43 83 42 40 36 78 61 50 33 52 78 45 68 56
12: 79 33 58 25 65 44 37 36 21 40 50 62 64 37 31 28 41 44 49 14 39 58 46
99: 25 21 57 44 44 60 22 56 55 42 45 51 79 56 38 94 65 94 24 57 39 65 47
102: 61 52 16 50 93 32 46 37 99 78 24 81 52 51 39 59 10 14 26 3 31 22 40
100: 72 20 69 66 67 99 63 85 20 22 85 81 92 98 18 12 55 96 40 47 44 28 1
54: 95 58 52 45 71 64 48 88 22 71 49 66 65 35 87 1 50 67 55 57 69 53 90
105: 58 21 38 48 10 13 52 31 12 59 56 49 41 15 13 75 67 90 55 41 20 41 81
19: 56 76 70 11 95 42 69 10 93 98 31 51 99 3 55 89 28 56 15 60 99 41 20
70: 52 37 35 43 73 65 48 68 58 31 64 27 44 99 53 78 35 41 28 48 69 85 88
114: 47 61 47 90 70 36 38 73 38 45 25 39 74 74 58 63 67 41 30 93 32 48 74
156: 58 49 81 45 50 21 37 84 27 65 28 64 64 77 80 84 65 22 43 88 31 64 52
65: 42 49 68 61 49 57 49 91 64 71 23 61 41 69 64 26 76 52 51 45 84 62 43
