30 37 42 35 50 42 63 15 9 62 45 83 55 50 43 37 58 89 44 16 73
53: 8 42 75 2 46 18 74 33 31 68 38 66 62 66 87 2 9 36 64 40 97
39: 18 77 24 38 62 41 49 54 11 35 77 47 63 36 55 32 25 2 60 58 56
34: 17 29 10 81 90 54 44 50 40 11 94 60 64 52 12 1 90 56 41 50 6
81: 46 67 6 30 60 84 59 53 33 69 49 37 21 72 48 37 50 54 26 68 26
53: 80 35 54 44 70 81 41 60 55 53 13 20 48 65 44 57 79 74 67 57 44
82: 56 15 44 47 65 21 36 53 24 27 51 12 59 5 36 47 58 58 36 91 55
67: 18 2 54 57 70 9 35 16 20 28 54 35 20 41 26 77 28 81 29 19 53
59: 26 43 75 69 42 32 40 56 67 24 98 22 66 17 40 71 3 50 92 52 55
54: 31 65 60 60 26 93 44 11 64 8 45 66 47 23 18 61 33 65 55 63 55
34: 80 57 59 54 52 53 47 61 44 69 52 58 40 40 37 58 80 55 64 12 32
41: 49 41 35 64 39 31 73 30 50 50 90 18 46 74 4 39 37 92 44 71 31
44: 48 57 25 30 63 64 33 45 46 69 45 68 31 28 97 90 58 86 13 83 63
77: 43 78 56 26 64 38 66 41 35 59 58 52 46 86 84 47 30 36 83 47 51
62: 50 48 72 62 39 9 45 42 45 41 13 32 65 29 78 89 23 77 73 52 40
63: 47 39 69 43 31 62 35 47 38 61 59 65 90 47 53 58 50 48 52 64 55
