3 79 16 67 89 73 77 73 72 43 38 34 1 21 52 41 8 11 12
28: 69 46 23 38 40 37 44 56 34 56 51 30 44 50 17 76 23 23 23
24: 68 63 62 51 52 21 59 26 39 41 22 50 48 40 31 43 55 62 63
52: 56 76 61 47 48 29 65 53 44 36 39 57 69 37 20 60 31 41 56
89: 51 47 66 74 39 42 41 57 46 51 57 61 86 38 59 59 62 41 61
70: 55 52 73 49 29 56 90 70 43 57 99 46 55 74 57 50 65 84 99
64: 82 44 49 53 26 69 67 66 82 44 39 41 65 53 42 62 57 62 55
53: 41 42 55 95 35 39 65 26 56 34 71 54 27 27 36 49 48 27 47
48: 51 53 51 78 34 42 33 50 69 47 30 55 51 44 24 49 45 60 52
70: 49 70 45 44 38 79 46 68 66 30 33 36 29 35 61 68 59 45 31
26: 28 39 36 35 32 48 47 62 70 42 26 62 15 29 40 60 29 38 52
84: 60 45 56 48 68 27 91 33 74 83 56 40 34 21 38 37 59 46 47
