41 42 63 72 62 47 53 64 50 36 50 28 58 60 64
50: 16 67 47 71 3 42 86 53 36 44 33 53 54 45 53
45: 55 60 45 87 4 97 69 26 36 35 53 81 32 3 30
64: 69 57 85 63 29 79 48 48 51 79 49 6 47 60 49
60: 59 11 88 60 56 12 60 25 61 91 54 43 38 44 56
62: 79 35 66 44 25 23 30 57 38 86 73 35 20 2 58
95: 61 51 1 34 57 78 94 84 25 48 6 49 82 44 62
2: 51 1 60 66 50 54 65 60 54 78 4 56 52 71 50
82: 73 41 24 96 54 13 36 49 42 2 35 52 37 53 42
54: 66 58 36 74 39 85 37 76 61 86 25 42 37 30 39
62: 20 53 65 20 35 39 80 60 33 22 50 53 54 65 66
