39 46 39 58 66 34 41 30 33 45 22 29 57 46 31 67
58: 55 32 48 51 57 93 28 61 54 44 57 10 28 58 55 86
81: 82 61 41 59 87 77 38 49 53 47 62 50 8 31 47 71
53: 83 51 43 43 11 38 60 17 95 47 15 34 39 62 90 66
63: 46 34 59 51 59 47 0 69 17 55 43 45 14 36 64 41
22: 22 34 41 67 38 35 75 56 31 73 37 69 99 60 80 48
23: 80 49 69 20 32 70 60 71 5 41 14 45 47 6 38 38
56: 50 67 29 95 38 43 19 51 51 49 65 44 68 95 78 55
90: 6 53 52 59 49 85 36 71 65 52 41 45 74 76 46 35
22: 90 10 29 49 50 36 29 6 95 24 54 45 44 45 49 37
