19 28 37 9 32 44 57 88 71 37 49 79 35 47 61
45: 4 48 81 60 35 29 42 93 47 26 44 71 47 46 25
47: 84 56 37 46 69 7 81 42 65 75 32 85 70 58 83
55: 51 49 62 44 6 19 83 73 76 33 82 48 30 93 21
54: 96 32 24 18 49 46 1 76 8 49 67 7 62 59 58
39: 62 75 32 30 74 70 80 81 69 89 9 56 63 25 57
48: 82 85 96 29 33 47 14 59 90 54 30 42 54 38 43
50: 70 59 46 43 34 31 91 34 74 41 8 12 34 10 49
54: 49 51 91 99 43 81 73 42 76 47 56 78 39 38 27
71: 65 29 50 31 30 92 26 99 9 50 70 3 17 71 48
29: 74 33 35 18 32 61 36 11 24 65 15 57 82 48 57
85: 56 85 93 77 95 68 81 97 26 29 43 55 9 23 83
60: 57 3 57 39 67 8 38 46 57 96 43 36 48 79 23
