55 76 46 61 43 71 46 26 64 63 58 82 56 31 84 49 44 42 57 67 58 38 60
74: 16 61 57 9 90 54 67 65 37 23 88 29 58 21 64 43 44 35 18 89 58 37 15
30: 87 29 31 87 74 41 98 53 46 58 32 67 92 41 58 51 55 55 67 47 55 68 60
97: 67 39 26 1 59 39 34 62 24 64 52 36 73 52 57 61 63 34 40 69 54 47 40
124: 81 7 34 56 30 49 47 41 17 69 32 40 74 34 15 28 16 9 70 0 21 27 6
35: 69 52 46 40 86 69 56 80 28 66 65 34 42 88 32 76 17 81 62 64 5 73 50
66: 46 36 56 68 58 38 62 70 53 26 91 73 23 50 35 76 91 30 1 59 46 35 35
117: 66 29 66 87 66 54 51 57 35 41 81 77 69 33 92 63 13 21 35 44 31 77 41
92: 61 76 72 20 37 98 12 52 58 51 38 79 45 26 53 61 79 80 10 28 55 20 55
105: 72 51 54 26 79 8 94 33 52 2 15 93 71 64 21 99 58 50 19 58 1 73 57
74: 36 64 23 70 65 71 63 71 36 8 38 86 53 25 50 54 23 84 41 33 60 16 65
106: 60 45 58 80 63 80 34 73 49 42 49 80 71 53 55 10 70 46 37 51 91 10 52
105: 4 97 98 58 13 22 93 47 21 37 39 90 67 36 18 79 70 63 73 19 46 85 37
105: 94 96 80 61 25 96 50 47 70 65 51 99 87 76 37 92 2 25 56 49 38 59 38
