50 64 46 47 41 40 41 47 53 34 67 51 47 48 62 68 41 72 38 76 54 55 51
87: 57 66 51 6 88 17 50 42 90 37 18 27 68 37 83 55 77 85 11 66 39 41 45
92: 61 65 38 61 21 51 53 20 62 60 36 16 83 47 75 93 53 44 73 63 53 88 51
89: 84 18 52 16 4 27 48 27 46 46 95 8 21 45 56 31 61 90 78 67 94 70 1
67: 54 75 45 91 39 21 72 66 58 35 58 58 70 54 64 10 48 28 5 71 62 45 29
77: 73 60 45 46 49 87 41 62 30 4 49 38 52 58 23 69 42 85 4 41 58 29 47
44: 81 38 39 23 23 87 15 79 91 49 95 59 45 56 22 75 5 49 94 37 44 31 47
55: 55 52 77 83 55 37 55 32 52 15 56 48 41 37 91 73 76 24 42 58 80 40 44
50: 11 71 67 31 85 16 63 56 42 55 98 27 17 44 7 61 77 59 37 91 51 73 50
70: 50 20 59 64 32 76 30 53 77 26 60 43 61 66 22 17 32 43 8 39 10 54 78
67: 69 79 44 24 56 52 53 43 33 51 46 74 43 2 37 18 5 32 53 52 22 56 50
50: 52 65 56 20 27 58 55 63 54 27 52 40 83 45 24 33 11 57 41 43 35 45 79
59: 24 60 40 30 66 43 32 99 30 47 9 47 30 66 57 66 8 48 6 98 23 53 66
67: 56 46 35 74 66 53 76 45 60 60 54 52 43 37 29 64 94 72 70 73 43 61 50
59: 52 89 49 71 68 69 26 27 41 51 51 35 95 68 37 32 70 44 35 58 30 58 47
