37 73 30 47 68 56 58 69 30 73 52 85 60 62 42 31 34 58 31 42 57 43
49: 11 71 81 24 75 10 41 41 86 37 24 50 1 28 84 45 37 68 33 50 30 31
37: 39 44 10 35 18 56 81 92 35 46 17 37 44 61 52 8 81 47 46 2 33 98
58: 62 54 31 52 14 66 5 49 45 57 41 39 74 18 15 35 41 23 67 28 54 83
20: 44 76 46 65 8 53 13 60 34 87 49 71 78 36 44 71 46 61 39 27 80 44
44: 87 57 59 91 61 50 72 37 51 44 44 71 35 80 17 67 82 38 72 15 51 11
73: 44 62 24 1 38 44 16 25 67 42 97 90 45 50 15 53 21 49 51 47 53 36
65: 71 20 55 4 62 64 9 80 19 14 45 16 39 52 82 37 59 99 27 49 91 23
44: 73 0 20 46 75 74 69 54 29 50 17 89 65 53 61 41 14 50 98 98 86 64
81: 21 56 29 48 63 33 64 10 64 61 51 28 85 19 74 19 20 51 45 8 97 50
58: 64 76 51 22 88 99 56 53 50 92 77 61 53 50 47 72 7 66 68 93 4 38
80: 69 65 31 40 57 77 97 56 63 5 34 63 64 58 61 51 49 49 87 75 78 71
54: 82 26 45 66 45 26 61 22 51 93 61 56 78 36 62 74 38 49 9 8 52 90
36: 75 56 37 66 23 82 72 42 2 51 44 97 46 59 68 57 42 15 18 56 75 53
43: 4 27 14 42 64 60 3 56 34 45 84 46 22 54 46 97 50 22 25 72 64 52
37: 86 40 98 37 32 18 49 41 88 48 52 8 1 43 76 54 92 79 65 29 53 11
