87 58 73 49 28 44 29 66 46 63 88 61 62 49 58 67 45 37 48 71 74
78: 81 84 24 7 54 30 4 73 70 89 51 65 54 95 36 41 16 29 23 8 32
100: 50 40 32 62 28 6 27 86 70 31 38 34 59 41 69 81 63 37 56 55 15
81: 46 54 53 54 36 89 89 28 74 57 19 88 35 48 27 61 29 59 14 28 52
11: 96 20 24 30 43 59 13 76 50 43 43 75 41 54 57 12 71 61 98 58 23
56: 98 57 37 36 53 98 50 89 71 41 19 49 23 72 64 60 62 76 59 76 48
45: 78 27 21 27 66 46 37 18 44 39 86 69 33 97 91 89 45 71 25 82 57
29: 74 58 47 32 49 59 55 64 48 50 2 31 42 16 38 45 95 60 61 47 83
33: 40 80 18 33 95 65 35 30 28 55 48 28 44 63 59 75 32 44 45 44 40
68: 42 54 45 66 46 38 55 64 61 21 28 62 31 28 73 99 78 73 52 6 9
16: 86 31 44 78 37 40 22 56 62 38 61 83 30 55 74 43 39 83 62 35 21
30: 51 17 62 51 12 57 13 91 32 17 13 66 8 50 38 63 59 74 42 8 37
51: 29 22 42 47 20 52 38 54 65 53 52 47 61 80 72 81 66 49 57 25 76
55: 41 47 33 46 37 31 27 42 15 50 38 65 19 40 66 40 64 25 38 57 71
50: 88 41 68 90 24 49 37 15 43 98 96 8 52 4 74 36 8 29 37 43 35
75: 90 39 49 39 10 11 75 53 47 88 6 19 56 26 67 53 67 70 63 58 52
69: 62 35 27 34 20 41 83 57 70 23 2 68 27 55 57 87 99 75 89 66 54
