49 50 48 52 21 35 81 7 64 52 33 64 29 84
36: 38 27 50 35 33 53 50 45 37 56 60 48 57 82
23: 86 60 68 59 49 34 70 21 77 24 43 78 79 70
33: 69 40 49 71 46 22 12 40 63 8 62 86 53 66
39: 33 69 37 72 55 33 73 59 53 27 54 33 57 44
75: 78 42 48 37 65 40 50 0 47 88 51 72 57 66
40: 61 37 48 70 63 56 75 61 43 61 65 59 4 34
63: 30 68 11 80 70 35 57 50 68 72 31 56 42 51
34: 51 75 42 57 73 38 42 54 18 60 13 44 45 57
11: 54 55 22 75 35 60 58 27 49 32 54 67 52 72
80: 48 56 57 60 57 55 10 51 34 23 60 17 61 55
44: 53 40 64 56 46 27 30 82 61 34 59 48 47 50
40: 29 17 46 35 48 48 58 43 65 27 69 25 45 40
