30 22 67 73 49 29 19 90 49 49 94 53 40 48 76 27 63 57 42 34
104: 16 19 55 56 42 26 67 50 50 34 53 43 36 50 65 46 65 56 40 57
82: 82 64 48 75 39 25 40 42 31 47 51 41 40 19 76 66 72 55 75 39
13: 40 92 44 53 52 57 48 55 28 67 77 38 49 60 26 54 72 41 26 64
59: 20 64 44 28 45 81 46 90 52 72 21 66 61 28 34 65 50 42 31 16
38: 54 53 52 42 80 75 50 62 54 18 76 57 35 67 43 53 30 42 72 41
29: 39 77 46 59 42 40 60 91 66 16 51 67 40 41 50 45 46 57 52 92
119: 31 64 45 40 45 33 56 54 67 50 59 37 34 28 60 33 86 59 44 57
52: 34 37 28 30 70 60 64 45 56 65 55 39 34 55 36 60 42 71 30 31
109: 54 55 46 43 45 53 51 6 58 52 27 58 65 53 57 33 53 42 30 60
118: 52 63 19 63 40 72 66 43 69 59 37 60 64 20 72 28 52 47 69 72
76: 73 78 27 49 50 59 77 43 61 73 48 8 66 30 43 12 56 30 64 39
25: 29 31 69 38 38 19 99 20 53 37 41 45 24 60 31 64 68 17 36 52
37: 38 60 46 51 50 52 57 46 55 46 16 62 9 77 65 50 44 17 59 91
84: 59 60 81 26 62 56 55 40 45 39 55 60 57 57 29 31 72 64 66 39
