51 36 36 53 27 72 73 90 31 21 53 87 46 49 30
23: 57 56 55 66 45 56 58 44 75 53 37 54 33 47 45
32: 52 18 52 29 60 59 59 62 73 48 33 42 60 68 28
33: 60 42 65 37 82 7 72 36 51 54 19 38 63 45 39
27: 47 17 58 57 51 97 40 70 90 78 31 48 17 63 71
24: 54 65 30 58 47 45 62 51 60 70 40 49 17 80 49
58: 56 53 45 51 35 34 40 6 57 59 27 22 41 67 14
49: 69 65 64 53 70 45 34 34 42 44 75 33 54 69 53
26: 55 68 57 37 79 60 65 45 52 48 35 42 65 43 99
35: 55 68 50 38 30 43 43 35 54 38 57 30 16 59 16
38: 92 56 51 39 40 41 54 51 49 44 29 47 32 35 56
45: 29 35 46 46 66 39 52 58 75 55 26 47 19 63 23
41: 11 62 46 38 76 25 62 69 56 50 45 52 57 57 62
38: 51 79 28 42 41 47 54 91 77 39 48 18 45 72 53
42: 41 50 41 54 58 51 70 75 57 38 42 21 36 33 35
13: 39 76 38 54 47 41 50 40 42 64 38 62 42 42 45
