46 68 73 57 61 48 54 61 68 53 46 74 95 56 41 41 43 32 50 62 81 34 68 82 18 20 50 69
60: 61 36 49 34 44 44 43 22 30 21 22 47 52 56 63 43 54 53 47 52 79 59 46 72 50 42 36 44
100: 39 60 9 52 67 68 47 67 62 37 54 57 54 77 68 35 51 71 46 54 57 46 52 57 68 31 30 13
83: 52 82 52 68 31 50 50 20 39 45 46 39 72 55 72 41 22 23 53 31 44 53 25 36 44 65 39 45
68: 41 58 34 57 68 47 54 45 77 91 42 63 43 48 50 47 43 38 57 61 31 75 48 59 60 71 29 65
34: 55 59 38 38 47 54 65 53 52 56 69 37 46 72 46 46 62 53 75 65 31 47 21 49 49 49 76 42
130: 50 72 12 47 70 51 44 76 94 50 66 68 80 36 38 63 31 45 31 27 60 36 50 84 53 54 61 28
141: 48 39 56 41 29 14 13 45 44 56 40 42 53 42 25 12 88 32 32 31 64 32 42 33 54 48 52 70
104: 33 57 60 53 45 27 45 45 56 40 40 70 44 70 65 57 68 43 54 61 86 43 40 69 43 49 25 50
58: 39 52 51 36 70 37 43 68 55 43 33 59 64 14 64 55 46 52 36 60 35 27 37 34 39 17 35 26
126: 26 40 43 59 58 16 67 66 58 42 37 66 49 62 53 59 30 68 47 27 55 41 41 27 51 29 25 47
28: 56 53 45 38 44 29 64 56 35 38 30 39 36 33 32 54 34 39 54 44 21 31 53 46 50 46 51 31
38: 66 54 46 67 48 31 29 73 54 43 49 50 38 58 58 39 71 39 30 82 40 72 54 48 25 36 53 23
124: 61 70 50 59 28 68 42 35 29 64 56 41 69 61 67 59 47 52 49 26 60 66 71 39 62 67 45 38
111: 66 2 35 18 61 90 58 43 53 96 52 79 45 49 48 65 41 64 41 50 54 71 46 43 94 56 75 80
57: 24 67 41 65 44 55 27 75 34 60 73 64 35 58 31 43 39 39 72 49 44 24 67 37 55 39 53 30
74: 70 52 44 62 84 50 57 62 76 29 59 45 45 69 47 23 53 26 41 27 55 54 66 56 35 48 63 37
