73 44 48 60 37 59 19 25 0 83 76 30 64 61 41 59
59: 15 6 45 22 9 90 4 49 60 38 74 43 96 50 78 50
88: 42 65 54 62 29 30 51 47 51 45 62 23 83 65 40 45
74: 64 59 53 37 96 9 79 37 43 40 42 32 60 47 2 34
93: 84 18 38 92 36 57 40 60 2 30 28 32 34 21 11 73
47: 1 43 54 44 61 15 92 33 90 27 71 7 42 19 62 48
33: 85 72 64 56 84 65 27 49 48 35 96 21 64 46 60 97
81: 74 33 59 42 38 95 62 87 91 56 70 25 94 34 59 10
29: 47 46 52 47 48 22 32 95 19 61 56 64 8 37 52 48
59: 65 35 41 44 90 62 43 44 80 55 8 71 39 34 62 56
26: 55 79 41 29 34 3 48 7 62 27 11 36 67 77 46 56
88: 56 61 6 62 80 70 30 33 59 22 59 99 50 97 42 42
