46 60 78 58 60 30 83 67 34 32 80 16 61 69 19 45 13 49 37 6 43 33
123: 58 43 39 66 60 51 62 40 45 65 53 82 67 77 70 64 68 73 84 28 45 46
132: 28 52 44 47 56 28 47 67 10 79 59 51 35 4 40 52 66 53 75 42 59 88
20: 52 12 39 62 40 74 44 43 32 63 63 30 42 30 54 30 54 49 27 50 15 40
114: 66 63 58 57 44 67 48 62 56 52 77 41 59 51 29 68 42 61 28 61 28 25
71: 40 36 50 47 33 56 76 61 67 47 40 45 57 19 43 72 50 37 48 66 84 59
49: 84 67 54 72 57 36 24 37 68 65 19 53 24 56 34 50 52 66 45 56 38 66
104: 40 66 37 65 41 55 60 39 47 68 41 50 54 53 48 57 43 61 49 39 32 47
40: 46 52 39 29 53 41 53 49 52 41 53 45 65 39 59 42 42 57 65 26 66 33
122: 28 41 43 65 76 37 39 79 51 59 36 28 78 74 22 57 17 14 39 30 24 56
97: 27 50 68 69 51 39 48 34 63 34 13 72 59 57 34 64 14 52 80 29 43 70
51: 79 19 34 50 32 49 50 71 60 57 49 59 76 50 62 50 45 40 46 69 43 47
87: 61 44 19 46 34 34 65 37 26 15 58 59 27 35 42 56 60 54 35 51 39 68
