11 88 45 26 49 19 40 96 34 63 84 66 52 99 94 9 2 62 55 43 56 54
83: 40 57 30 53 64 56 57 68 45 46 48 54 48 68 48 52 51 62 45 57 34 57
37: 51 42 63 67 50 73 47 65 67 37 20 50 25 65 32 45 49 48 35 50 43 38
46: 27 28 70 44 50 43 49 58 65 40 37 41 59 57 87 46 48 65 65 58 62 41
99: 29 36 66 37 59 52 53 50 78 42 47 85 41 46 31 79 49 55 57 13 62 78
68: 53 47 33 73 47 51 43 87 72 62 43 44 49 56 41 66 39 31 30 30 80 33
131: 29 70 52 53 93 40 19 38 38 43 33 29 87 53 65 52 62 58 61 77 70 61
59: 62 38 35 65 49 69 23 37 22 47 65 20 62 52 55 54 64 72 70 42 29 48
103: 59 0 57 41 50 84 56 78 47 48 73 85 60 29 35 45 49 63 39 42 60 38
99: 41 38 47 54 40 77 46 49 64 34 53 52 66 44 62 3 41 38 68 47 67 70
86: 61 64 24 60 5 32 28 46 26 63 46 49 24 57 24 42 35 42 38 66 45 14
68: 58 16 52 54 89 80 48 53 50 69 29 51 43 50 63 91 54 31 65 47 68 14
53: 53 42 60 46 31 18 25 70 25 69 41 30 72 34 27 38 46 9 63 57 42 36
23: 51 69 32 58 28 44 51 63 49 47 52 54 41 50 69 60 30 51 31 34 48 23
