37 70 73 44 27 51 46 90 33 51 52 54 11 33 41 64 49 60
47: 20 56 44 61 40 56 59 23 19 52 71 77 41 35 21 37 69 81
25: 23 64 43 37 43 49 51 67 46 51 16 31 42 31 57 27 65 36
45: 31 63 70 67 99 36 78 25 51 62 64 32 50 67 68 21 37 81
47: 56 55 49 53 34 31 74 66 53 51 68 87 41 38 57 43 70 68
73: 64 56 50 43 53 12 64 43 37 63 66 53 50 18 58 48 28 66
61: 38 69 41 53 23 84 33 51 54 41 47 33 32 66 39 79 27 3
36: 58 29 49 65 61 22 32 91 43 75 33 70 69 53 31 65 35 60
34: 40 44 41 42 62 55 48 30 42 65 70 8 65 34 66 49 54 40
42: 50 52 52 37 54 49 56 71 66 55 47 64 59 46 42 47 58 58
24: 54 44 32 39 34 59 65 41 66 47 78 79 53 64 34 69 25 38
43: 50 24 82 7 57 42 77 37 66 56 63 46 28 43 62 34 74 56
51: 59 34 71 31 7 46 42 48 72 68 45 59 29 47 51 28 37 46
58: 33 55 31 78 73 69 51 36 28 22 22 71 39 37 38 41 45 25
45: 54 45 59 41 19 46 70 82 64 31 42 72 31 66 42 65 56 46
