92 37 63 70 80 21 52 71 91 42 13 41 70 55 76 49 48 56 58 86 39 55 59 4 63
107: 40 74 41 54 60 30 36 58 50 50 25 30 76 20 63 53 38 54 54 49 46 21 40 36 56
78: 34 31 62 38 55 67 30 22 44 32 41 47 50 54 16 50 37 51 40 18 43 24 32 47 23
78: 56 45 37 29 50 55 34 70 31 41 57 66 70 23 50 64 39 56 46 10 19 43 66 64 25
101: 76 48 39 66 11 52 37 25 3 59 45 55 27 35 26 44 55 32 39 39 54 56 54 49 50
69: 29 35 52 94 70 49 98 43 13 69 66 32 46 34 62 66 62 60 36 42 70 31 50 71 57
106: 66 48 62 35 83 59 11 65 31 66 0 43 71 52 19 19 71 77 46 57 37 49 53 21 50
87: 48 55 35 65 64 44 51 47 54 72 45 52 76 47 43 24 54 40 50 45 41 79 66 55 57
88: 39 27 37 58 39 84 70 77 65 49 73 29 37 26 75 58 34 54 48 62 60 66 55 26 50
135: 64 23 55 47 40 40 44 51 80 27 55 36 54 68 51 31 62 57 59 42 38 82 27 45 76
43: 57 45 71 35 49 50 61 56 14 51 61 37 45 29 18 77 68 24 47 42 34 69 34 34 61
59: 19 29 45 52 44 0 48 56 38 45 28 67 61 48 27 52 41 43 28 79 42 33 76 86 18
142: 44 33 34 49 47 45 55 11 46 26 35 61 22 54 64 33 60 64 47 48 39 55 88 46 59
61: 19 21 53 72 58 92 19 51 38 78 49 36 35 32 60 59 43 44 32 70 56 38 41 55 37
68: 51 56 74 69 61 86 31 56 44 42 70 34 64 44 64 55 53 62 28 26 17 67 55 45 61
90: 71 81 60 55 51 54 30 37 25 31 58 73 11 37 41 43 64 43 50 32 71 72 83 42 56
