41 65 24 77 8 23 59 96 46 57 46 80 47 73 32 64 43 62 95 26 60 68 15 52 34 16 59 72 44
86: 59 36 55 72 38 46 39 43 57 46 56 49 58 66 44 80 60 50 56 71 47 51 71 46 51 36 56 45 44
40: 33 58 58 71 75 30 7 63 35 54 67 61 72 39 20 36 46 49 26 41 60 56 66 48 57 31 75 51 50
79: 22 55 65 0 82 22 67 48 40 69 31 23 51 52 32 24 47 87 24 50 31 56 39 73 43 38 38 61 68
71: 32 33 70 68 36 37 60 64 50 58 46 50 51 44 60 38 62 64 38 65 64 65 60 34 55 39 60 73 38
56: 55 30 34 54 56 10 46 71 24 25 31 50 48 63 39 58 45 33 62 37 43 66 57 26 64 70 28 41 36
70: 22 27 33 60 28 95 34 81 57 42 30 53 36 44 46 47 56 46 53 32 26 59 73 46 48 53 59 48 53
30: 54 72 80 43 60 55 47 69 32 57 36 49 29 59 57 56 37 27 69 53 67 88 65 43 45 50 31 11 69
96: 48 72 53 50 89 55 53 35 49 46 58 73 41 30 35 22 76 38 83 37 22 80 76 58 29 69 58 53 45
107: 50 58 25 37 39 69 54 27 46 56 43 74 19 50 73 44 45 27 56 61 51 31 66 77 45 53 44 51 31
108: 25 40 15 34 39 38 60 75 46 78 44 26 47 72 43 58 51 58 64 56 29 21 43 39 57 54 44 56 50
46: 59 62 75 64 56 59 29 49 46 38 45 64 42 20 38 50 77 48 68 47 49 24 96 67 30 67 22 47 25
117: 50 25 27 51 55 27 62 50 47 70 59 40 46 38 58 51 56 87 47 49 46 45 29 40 53 61 66 57 32
120: 15 75 48 80 16 43 33 39 57 37 44 54 64 59 70 38 15 37 30 50 54 36 76 43 39 71 38 57 68
114: 30 54 85 39 62 63 59 70 34 55 76 50 58 73 61 81 18 38 42 53 0 75 94 14 51 55 33 33 71
12: 35 52 43 43 47 49 47 63 62 25 55 46 51 27 54 30 58 48 44 71 53 39 34 36 78 41 55 41 61
94: 41 17 53 68 63 60 34 38 17 29 86 65 65 37 35 58 61 63 43 62 38 56 32 55 51 55 41 34 69
