51 44 37 43 90 23 85 40 41 24 76 75 22 77 25 47 68 32 35 10 76
109: 42 39 51 45 52 63 37 49 38 47 11 43 44 51 60 45 78 45 23 54 27
135: 67 39 79 56 32 21 44 43 84 69 68 62 54 86 78 50 70 46 72 68 18
35: 62 66 46 44 64 33 35 54 28 68 46 85 57 6 46 63 68 36 42 67 59
125: 53 57 14 78 45 28 35 25 49 56 66 87 32 78 59 54 56 41 31 25 67
35: 55 35 48 54 52 44 93 63 41 52 35 41 71 49 84 53 74 69 16 75 54
30: 60 75 45 58 30 51 46 60 41 55 50 80 46 72 58 66 52 65 48 41 47
76: 76 56 3 37 74 54 27 54 55 52 61 54 18 30 47 67 51 38 34 46 55
72: 59 68 53 36 60 8 51 43 55 53 47 56 50 65 40 50 55 46 39 26 48
41: 26 46 63 39 59 28 65 47 32 54 44 57 50 64 78 66 93 27 28 44 29
110: 42 68 39 21 55 50 49 54 23 48 56 52 7 58 46 48 44 74 69 46 78
134: 44 75 26 56 54 46 52 18 77 41 41 34 58 65 70 63 38 72 43 47 34
