93 83 88 79 72 93 90 12 96 49 5 42 46 4 54 59 15 86 58
71: 39 38 45 54 74 62 85 59 55 33 36 42 48 57 73 58 80 46 38
77: 61 78 37 53 30 60 37 49 75 41 69 44 29 53 60 54 47 71 53
81: 74 50 58 45 35 61 19 49 44 52 61 45 62 60 51 45 59 45 50
139: 46 65 44 53 21 39 41 43 45 52 28 37 60 53 75 28 91 56 48
8: 46 34 15 57 49 60 48 50 42 31 41 52 10 41 78 80 67 88 47
85: 38 33 58 36 58 39 49 67 77 13 23 54 53 54 50 62 65 37 71
181: 45 42 42 35 48 55 33 32 45 49 41 44 49 58 57 36 56 33 60
19: 80 49 61 72 60 63 16 6 35 35 32 68 69 56 50 60 57 59 33
117: 55 47 52 42 49 60 51 46 65 56 46 70 66 42 46 65 56 82 37
121: 74 84 64 68 23 39 38 43 52 68 66 19 32 10 56 45 38 87 23
