59 49 77 18 85 75 86 57 19 16 10 22 38 80 19 20 82 36 80 60 55
64: 50 60 81 68 17 88 71 40 32 46 50 59 38 85 69 40 65 45 63 35 82
69: 71 28 87 52 48 11 64 62 9 4 32 10 49 47 69 66 55 48 3 71 1
76: 84 65 35 62 59 81 55 37 70 15 83 29 73 25 87 41 73 57 20 70 62
62: 0 73 98 65 65 30 53 28 67 37 21 99 35 60 45 32 57 66 91 21 49
50: 45 2 55 28 50 64 5 28 39 71 60 98 45 62 69 74 85 3 23 59 19
65: 8 30 41 24 47 65 47 73 28 5 60 87 90 58 68 50 78 24 24 49 77
70: 70 43 39 21 97 30 22 51 56 63 40 44 48 76 55 14 21 58 18 43 58
60: 37 37 39 45 59 52 51 60 77 27 72 40 33 91 29 73 45 31 63 38 34
73: 55 48 10 34 54 3 71 64 61 44 77 62 55 62 44 68 49 22 64 42 62
60: 57 84 4 64 73 89 44 25 46 59 59 54 39 45 33 67 69 67 73 26 65
76: 64 38 65 53 63 86 31 19 43 33 44 39 62 74 98 59 13 79 56 46 67
