8 54 46 50 21 85 62 40 86 38 86 21 97 52 88 87 38 60 63 30 84 85 78
142: 37 40 40 40 49 49 57 62 52 29 24 30 40 36 68 48 41 57 30 63 33 71 33
74: 55 69 49 63 66 32 52 51 34 65 26 43 47 10 55 37 20 49 77 40 62 46 27
181: 52 48 61 55 53 26 36 63 63 71 43 48 49 41 69 37 33 35 30 51 33 54 40
123: 55 58 36 62 44 42 34 56 58 32 39 58 55 70 76 21 26 51 37 35 59 86 55
142: 53 68 34 32 50 50 50 52 84 58 38 40 41 48 60 43 52 45 80 14 62 21 61
173: 35 47 65 46 34 60 41 26 54 71 67 52 32 56 57 71 48 51 50 49 30 40 42
97: 60 53 46 58 75 45 60 47 50 57 33 28 12 48 50 74 38 63 30 38 61 25 58
18: 62 55 38 70 46 41 64 43 55 37 37 31 36 52 65 75 56 41 52 43 62 38 74
76: 28 51 44 88 61 34 51 36 65 51 62 64 50 71 53 32 55 58 48 67 52 65 65
49: 19 32 27 27 64 51 48 44 64 22 30 64 80 49 51 73 45 80 65 45 44 51 66
41: 39 77 41 33 21 59 17 39 99 30 42 40 57 51 19 45 34 44 51 72 73 57 22
74: 38 64 41 42 54 39 43 48 36 42 57 57 58 50 37 52 46 24 44 57 48 53 64
82: 35 80 45 39 28 37 55 55 64 62 35 63 57 63 63 47 38 64 52 36 61 60 80
