81 91 5 87 26 38 32 35 98 19 54 7 25 10 65 33 95 76 29 1 74 84
62: 36 21 54 50 56 61 52 57 48 28 20 7 47 39 33 66 29 67 36 27 46 61
80: 49 43 57 45 45 15 28 44 60 55 76 41 47 48 52 50 52 53 23 67 50 44
60: 64 73 31 48 25 30 59 65 51 56 46 69 37 58 45 47 48 58 30 49 39 61
59: 51 70 68 39 65 49 57 45 58 25 52 30 47 30 60 53 77 56 73 41 54 75
5: 57 49 55 57 84 46 32 34 82 51 35 31 39 29 75 67 53 57 56 23 71 55
67: 59 31 53 45 65 61 0 60 27 25 61 26 61 46 49 48 43 70 26 64 55 28
84: 53 76 30 27 52 40 40 67 66 44 55 24 66 40 70 54 61 32 65 46 51 69
58: 49 47 7 57 51 14 56 60 54 67 48 58 52 56 50 33 16 51 70 57 36 79
117: 50 64 31 35 43 48 60 60 57 50 20 49 64 45 59 63 56 77 56 54 23 34
117: 32 59 65 17 77 53 69 74 87 78 55 61 49 76 27 43 66 76 60 44 46 60
76: 40 70 44 40 64 45 51 21 41 67 28 68 44 40 39 56 55 75 64 87 31 57
96: 46 35 42 14 72 63 42 81 48 46 80 41 66 27 64 56 42 33 51 56 37 80
26: 43 32 46 36 40 57 31 34 77 47 68 40 26 44 36 57 48 48 67 42 65 39
70: 60 63 53 40 61 53 48 40 27 37 39 41 29 49 30 60 56 67 39 60 80 66
