40 46 97 35 72 77 21 55 71 75 20 41 65 24 62 41 68 61 41 53 67 86 62 37 95 87 96
126: 80 63 61 52 41 59 44 58 44 30 43 49 33 57 46 70 49 43 31 59 79 57 60 36 62 56 58
49: 61 60 74 40 48 45 37 64 48 71 70 54 57 42 28 55 48 55 38 46 85 52 58 42 72 85 80
21: 32 34 24 58 44 57 28 49 46 55 54 31 68 58 60 49 61 80 67 42 67 39 20 34 38 49 50
134: 53 30 60 23 65 26 69 51 44 13 63 60 38 45 50 33 34 45 51 49 77 32 64 52 39 36 46
70: 39 72 59 59 41 33 49 43 57 51 55 49 61 56 28 46 39 54 58 30 54 44 73 40 39 35 52
136: 21 41 41 42 52 36 41 57 61 26 35 48 24 25 45 33 56 26 60 73 46 80 69 51 16 36 34
116: 24 53 59 73 63 73 51 36 55 53 53 57 52 63 57 67 38 60 52 43 45 64 58 50 30 53 65
74: 43 71 37 53 41 55 62 33 73 17 59 66 32 35 60 50 50 43 14 23 47 56 45 30 12 63 85
40: 23 55 41 61 49 31 39 52 52 72 44 24 46 52 53 24 57 57 57 43 46 43 22 51 28 48 61
158: 41 70 30 30 65 45 34 60 30 51 45 84 62 37 43 56 67 58 49 63 38 53 58 53 63 28 38
57: 52 33 28 32 56 66 34 48 66 51 32 40 55 57 41 9 85 49 38 62 79 73 62 49 32 36 77
2: 40 55 36 73 73 67 49 59 42 58 26 80 75 80 16 60 81 49 58 58 39 46 64 34 62 37 60
152: 69 51 35 23 60 70 29 19 72 83 17 22 38 38 34 61 44 48 60 45 54 36 38 50 60 52 52
125: 52 31 46 66 46 42 93 60 33 36 35 53 14 41 57 27 44 27 53 87 59 72 50 43 19 67 42
16: 48 44 41 50 86 43 65 72 58 48 51 31 67 40 71 37 34 56 42 25 40 60 74 67 31 23 59
