84 33 20 63 20 35 33 76 5 94 87 65 57 2 14 82 95 16 85 71 70 67 19 45 68 5 85 14
128: 42 70 50 35 44 26 26 49 70 58 56 54 38 56 34 63 68 52 99 80 65 68 63 68 37 25 72 30
130: 44 33 36 42 62 34 21 43 41 55 46 66 41 42 56 52 35 46 53 35 83 54 71 40 84 48 77 41
43: 69 44 13 67 71 52 61 53 48 45 38 62 62 63 35 23 62 48 43 61 67 33 53 70 52 62 73 26
134: 67 48 58 76 93 57 41 48 42 70 27 24 43 53 62 28 52 53 46 29 77 50 58 50 25 6 61 77
132: 25 13 50 47 41 50 36 71 51 72 74 69 20 45 26 0 68 51 56 28 52 32 54 84 54 54 44 46
3: 20 86 49 67 69 51 64 20 60 29 55 49 65 34 27 62 47 78 51 47 60 65 63 43 56 66 57 30
80: 28 59 50 30 28 45 55 56 39 75 38 59 41 45 48 77 33 66 52 37 46 34 52 25 18 80 70 59
70: 36 31 60 50 36 35 50 32 27 31 62 34 51 36 49 43 34 49 79 21 39 45 34 38 53 35 36 26
81: 39 51 43 30 9 39 42 82 57 35 56 50 49 48 59 12 53 47 56 62 47 64 50 83 62 42 23 69
3: 69 42 62 65 54 46 35 35 35 56 68 51 38 86 31 52 52 65 17 25 57 51 14 43 36 56 47 31
81: 12 37 49 47 10 55 14 34 81 47 57 42 59 51 54 44 41 64 53 46 45 61 58 57 66 32 64 54
129: 57 33 40 27 68 43 48 75 83 34 38 77 28 79 41 18 43 51 23 61 89 50 32 42 43 63 65 42
8: 62 31 37 56 64 65 54 53 29 35 30 47 0 43 81 43 36 52 62 57 36 45 9 33 51 39 53 48
70: 72 29 7 73 49 28 14 54 30 60 32 39 56 41 32 60 40 54 42 74 25 58 40 55 35 49 91 77
48: 45 74 55 54 26 24 32 42 49 26 54 74 63 34 27 49 58 29 60 43 46 38 34 56 55 60 66 81
132: 49 47 58 14 46 51 51 62 49 15 46 51 46 36 83 33 43 30 48 64 51 40 71 34 18 38 79 47
