44 65 50 20 27 16 66 34 38 29 87 59 17 32 44
42: 66 47 81 1 73 56 53 74 38 32 30 36 44 91 73
41: 63 26 36 41 60 39 54 63 45 47 56 74 52 77 81
19: 27 97 89 52 55 67 51 54 54 84 47 49 51 29 9
56: 51 1 65 14 35 10 27 27 78 33 10 30 18 2 54
69: 39 28 56 33 22 58 8 36 36 31 63 7 41 15 30
56: 41 42 41 24 21 30 38 86 71 69 69 58 75 54 60
44: 46 23 5 32 93 55 56 63 55 55 58 21 95 74 81
60: 51 1 43 25 65 42 71 33 63 74 34 71 36 14 3
37: 27 76 51 52 91 42 83 64 62 27 28 51 94 52 30
59: 29 68 63 77 65 63 92 78 50 27 31 55 35 60 27
