49 82 63 7 38 49 50 82 64 43 69 66 27 54 69 75 50 80
80: 26 89 45 46 97 52 16 41 91 39 53 29 80 35 67 72 39 10
92: 9 69 35 78 63 56 21 55 54 69 28 88 47 64 53 40 49 74
113: 41 12 11 62 47 20 18 61 58 39 68 13 35 53 66 84 60 8
60: 61 69 49 50 70 24 65 56 54 44 26 51 39 60 46 35 48 30
64: 52 40 46 82 62 48 57 52 35 13 48 39 30 34 50 35 24 35
22: 57 46 48 61 51 40 32 20 49 49 9 66 49 35 17 46 85 45
94: 13 32 33 38 77 69 82 43 67 30 35 24 73 0 21 50 93 31
64: 31 86 23 6 58 82 86 24 29 41 35 89 29 14 80 23 36 70
75: 70 39 55 4 37 38 84 53 62 71 60 57 62 34 52 48 61 67
83: 86 90 41 62 29 51 36 50 4 95 95 70 16 94 54 33 55 31
80: 13 52 65 23 54 59 21 41 53 64 47 4 30 87 7 70 69 28
