36 34 58 83 71 38 55 31 69 58 54 47 50 42
47: 25 81 2 22 57 98 45 99 53 95 69 94 82 65
40: 11 10 83 87 83 52 74 92 94 37 36 99 3 13
43: 96 61 51 10 2 74 67 74 61 42 82 44 30 69
41: 69 28 57 69 74 80 49 13 93 48 77 8 95 89
45: 7 31 94 58 11 6 10 7 91 73 85 65 75 34
30: 24 27 69 76 87 19 59 55 90 79 17 76 61 9
18: 36 73 57 38 28 56 79 82 47 64 15 99 14 11
54: 2 29 19 11 97 28 2 3 50 53 84 95 33 54
47: 81 96 46 76 33 19 32 82 72 46 86 29 37 65
58: 16 4 43 96 30 23 96 31 70 82 56 30 4 49
54: 15 2 87 8 60 30 51 16 56 26 22 57 89 37
37: 98 46 92 92 34 32 29 76 90 17 33 37 56 63
