42 70 44 16 37 59 55 37 78 74 23 50 65 42 26 40 54 50
39: 86 91 73 96 10 8 42 82 17 67 90 16 13 39 8 26 75 7
65: 94 73 64 67 58 20 43 43 76 62 48 88 49 78 11 98 58 16
73: 27 87 57 11 68 56 63 72 5 16 33 72 26 36 96 31 63 81
50: 60 13 26 38 92 70 22 45 80 54 91 5 3 64 73 21 67 64
39: 66 75 28 29 73 8 5 43 20 93 34 32 7 37 90 39 53 26
79: 78 78 74 34 67 67 80 68 85 78 12 4 44 50 67 61 51 71
41: 38 23 62 74 22 49 99 17 15 18 61 14 26 34 81 19 65 65
66: 53 84 47 35 5 45 42 45 8 59 86 71 15 59 75 7 76 53
45: 59 99 8 47 17 75 11 35 40 17 84 51 22 65 47 44 54 1
51: 93 20 72 19 99 35 8 53 90 68 19 54 60 62 78 58 74 40
41: 16 8 49 2 1 90 74 60 29 67 67 4 81 9 34 25 48 96
35: 77 83 27 13 28 62 77 33 15 72 67 38 91 89 22 17 75 71
54: 99 99 96 92 96 89 40 79 92 25 8 10 57 91 98 18 18 76
