74 38 32 75 42 57 50 42 41 39 51 71 69 62 45 56 23 37 45 39 16 46 49 52 73 66 45 32
63: 89 81 2 3 31 13 86 68 61 89 28 82 15 28 90 64 13 42 62 7 61 41 34 47 92 50 46 11
62: 29 47 20 2 79 54 71 83 70 39 37 47 38 73 18 22 40 61 90 73 72 57 89 99 56 15 14 9
102: 87 15 41 7 96 2 72 31 96 74 40 55 56 78 62 20 27 78 63 64 57 24 14 66 32 78 4 48
66: 21 84 16 32 88 95 30 19 52 44 72 58 61 89 38 8 27 71 58 47 53 91 70 42 84 37 9 6
6: 67 6 39 6 62 6 79 39 53 39 97 38 68 28 40 52 31 53 92 14 94 91 81 52 41 62 45 81
47: 70 22 43 85 23 22 16 22 85 91 34 92 51 52 98 81 17 51 29 24 73 32 67 94 9 24 58 45
30: 5 6 2 97 54 49 77 99 66 19 98 80 51 81 64 21 85 96 88 34 74 26 30 48 95 89 17 45
35: 17 88 97 43 44 66 81 73 93 39 71 33 2 46 44 11 75 69 95 21 22 95 28 26 30 1 53 51
55: 83 23 73 37 23 57 97 13 98 6 91 35 38 54 8 8 36 13 23 1 55 51 93 18 7 39 21 56
45: 39 18 96 58 94 96 8 94 80 58 71 74 66 70 92 69 91 22 59 15 94 63 61 85 91 26 65 30
67: 11 27 14 69 47 65 17 51 2 4 76 2 70 22 91 5 23 80 67 81 73 15 59 87 74 37 48 3
66: 61 69 70 95 85 52 40 56 35 45 51 18 23 50 12 67 93 24 51 49 43 77 85 48 86 89 14 87
80: 51 22 54 11 24 20 58 50 30 80 74 22 24 42 13 39 89 44 22 81 46 74 70 39 17 91 25 73
67: 53 58 84 29 62 64 85 17 25 18 70 73 25 20 50 13 78 49 89 28 86 97 21 97 23 43 99 68
80: 65 68 66 63 22 76 71 87 61 7 45 84 38 17 3 89 89 31 47 98 32 13 7 31 53 2 56 36
41: 46 36 37 84 53 55 30 19 26 18 37 48 85 33 95 19 51 42 36 43 42 72 47 2 8 33 61 53
