78 59 70 45 44 51 38 40 40 37 53 63 56 46
36: 38 22 43 68 50 39 54 70 54 35 51 75 56 62
64: 21 48 36 76 56 17 68 45 61 27 63 42 30 56
51: 87 64 45 74 21 43 60 34 65 56 43 46 96 48
26: 25 58 31 50 42 83 45 44 53 49 79 44 34 68
20: 57 72 56 43 58 52 46 43 40 56 42 47 65 40
64: 63 65 74 37 85 56 25 39 26 26 55 29 61 44
57: 45 32 40 76 42 51 34 61 92 61 46 8 54 41
40: 50 50 37 63 51 33 39 87 30 64 62 61 61 39
35: 76 67 41 65 54 61 38 33 53 50 50 67 52 69
12: 20 66 52 42 43 58 28 47 67 92 33 77 66 59
67: 35 65 39 69 48 52 24 46 38 40 73 65 59 24
61: 34 13 19 47 42 47 65 59 51 66 42 42 26 63
