32 43 47 56 60 43 66 30 43 66 38 40 67 63 31 51 18 48 58 68 36 48 50 67 50 87
86: 65 56 59 54 77 35 64 54 49 63 47 46 26 33 54 23 42 15 48 36 68 49 44 56 54 56
110: 28 60 46 64 47 36 37 80 77 35 40 59 73 53 35 41 53 83 22 38 72 65 39 15 49 52
79: 29 35 31 59 72 45 23 35 36 59 22 60 35 50 68 56 22 84 67 54 22 37 29 51 64 53
86: 47 35 72 57 45 38 54 43 10 30 50 51 48 66 68 90 46 68 80 23 77 16 60 17 55 82
1: 71 37 36 64 51 44 48 44 37 42 59 63 36 69 29 39 49 47 33 32 24 34 23 77 68 59
35: 58 60 48 31 60 69 69 70 44 56 60 52 37 38 17 23 53 50 57 59 48 77 35 87 27 55
74: 45 45 51 23 76 32 32 16 59 52 61 48 56 74 65 49 47 66 40 59 67 52 32 26 60 37
101: 57 77 45 75 45 55 28 61 25 45 35 38 41 64 40 49 40 58 20 54 75 55 55 69 72 22
99: 57 47 54 31 64 58 62 23 40 74 42 61 49 36 47 39 57 34 66 38 42 34 42 30 57 40
38: 66 78 54 58 48 49 68 39 74 44 59 38 41 30 59 48 30 36 39 48 13 31 45 42 24 47
41: 43 40 58 23 33 47 63 33 52 46 49 79 53 29 50 24 63 71 55 59 60 40 69 67 50 47
110: 64 56 43 41 48 40 46 28 79 47 34 61 63 40 50 34 55 56 63 21 63 51 46 32 72 35
15: 30 88 80 54 50 39 61 15 39 40 73 47 29 35 54 29 40 37 32 48 42 27 66 28 73 49
58: 72 42 66 43 52 45 54 21 66 58 83 64 83 75 48 73 52 54 57 42 42 52 41 20 30 40
