47 49 67 38 61 62 71 25 49 46 23 49 45 42 15 52 17 58
10: 25 70 61 22 48 54 14 52 57 17 52 44 41 27 52 42 34 47
42: 21 73 31 45 34 15 59 55 42 55 43 48 56 63 44 84 54 60
38: 32 19 70 49 38 61 39 49 23 56 63 54 70 39 79 26 83 83
63: 65 65 83 38 74 30 40 63 50 33 25 77 23 45 76 57 63 42
54: 60 34 40 60 45 61 26 26 29 33 43 84 14 70 73 52 52 44
64: 53 56 58 49 68 75 52 55 28 48 64 30 78 37 46 70 57 73
22: 25 47 76 55 20 47 45 45 56 21 55 37 48 46 60 43 84 34
4: 57 31 59 58 34 42 54 42 22 51 54 39 36 59 11 37 39 61
75: 41 22 40 49 34 42 43 43 45 51 65 36 49 30 99 37 33 33
1: 36 61 46 34 47 50 44 34 60 11 19 20 38 76 61 35 51 62
41: 76 47 18 69 25 61 36 72 26 41 44 25 57 41 54 18 25 45
59: 86 35 47 75 56 70 64 75 34 53 65 59 67 40 39 50 45 52
48: 42 51 21 20 37 24 54 38 48 50 52 80 34 56 17 79 31 71
34: 64 76 53 39 51 99 55 43 70 59 32 65 39 57 54 41 51 35
2: 37 41 62 40 36 28 48 55 53 50 57 40 42 58 39 42 41 29
