38 17 85 28 47 45 34 37 56 52 23 78 36 63 41 57 73 54 48 53 51 39 64 52 56 41 23 65 75
99: 35 48 14 57 42 66 20 51 33 40 54 60 25 51 48 34 39 27 72 27 49 46 74 51 25 45 58 99 40
55: 23 45 29 42 42 51 50 21 51 22 25 41 62 75 47 57 39 70 57 37 52 53 46 41 0 47 48 35 54
57: 52 55 53 59 51 59 70 53 56 68 36 81 52 73 45 54 65 66 50 63 60 52 69 50 64 40 41 70 52
79: 65 68 59 50 58 70 44 65 74 42 64 44 55 40 10 61 58 19 41 34 57 33 63 62 37 65 77 83 50
64: 40 74 47 37 55 56 49 40 58 22 37 65 47 49 48 36 44 55 40 82 67 61 57 47 49 51 25 1 52
90: 23 46 50 38 66 56 45 29 33 45 4 28 27 42 52 34 38 61 80 47 20 72 30 41 53 47 52 48 46
25: 30 50 48 45 46 60 43 64 35 63 66 59 55 50 36 49 73 55 41 34 32 60 55 40 30 24 33 60 48
46: 71 59 50 47 57 64 50 44 63 55 57 29 59 36 37 22 44 40 36 68 48 54 59 46 39 52 54 45 79
90: 54 64 56 61 33 40 46 59 81 19 62 36 44 56 63 71 45 36 43 38 53 50 38 50 59 43 43 62 23
28: 63 78 14 67 23 44 58 17 78 60 59 50 71 40 56 25 41 62 32 62 58 81 42 24 64 13 70 80 58
24: 79 59 13 72 66 19 40 38 49 63 40 69 34 74 60 21 58 16 68 48 45 68 78 89 31 37 23 70 56
81: 22 58 51 64 24 48 32 33 56 55 28 36 42 60 38 31 36 35 31 42 33 67 64 83 39 44 17 53 38
48: 62 75 48 40 46 57 67 41 57 32 33 56 25 73 29 40 57 54 32 41 60 41 54 88 45 40 42 85 57
91: 49 51 38 51 43 32 13 37 61 32 35 27 65 41 16 45 59 67 26 10 48 36 60 40 24 40 51 40 63
51: 39 99 36 31 28 39 25 46 51 37 34 43 39 46 71 78 89 58 50 52 37 35 51 58 66 48 55 33 76
72: 42 52 42 63 42 52 26 39 40 71 74 48 45 33 64 72 66 28 46 60 18 58 25 62 52 50 51 79 50
