26 36 10 20 49 70 21 28 52 64 65 42 30 55 48 24 46 59 49 47 51 54
53: 51 34 28 46 92 71 64 61 63 53 53 19 30 37 42 65 55 65 30 61 13 33
83: 25 24 30 43 77 81 35 66 65 88 41 32 46 30 45 80 57 38 77 68 44 38
68: 74 24 64 51 15 54 32 83 51 9 50 80 72 48 56 49 67 89 29 19 57 39
31: 39 65 7 46 74 76 60 31 40 31 47 18 49 7 55 99 31 45 33 72 72 42
70: 80 31 87 23 61 50 27 89 3 73 38 73 70 70 81 37 58 31 26 87 33 59
12: 7 62 7 33 73 32 52 35 48 71 39 72 59 37 36 71 21 13 40 14 87 81
7: 45 91 81 5 85 17 77 59 59 45 12 65 43 64 82 12 23 47 55 26 16 2
28: 37 60 49 58 52 39 32 58 85 34 2 49 31 33 41 30 72 22 26 25 52 92
70: 40 81 54 14 69 68 56 17 59 12 39 26 26 11 89 70 78 95 59 84 40 39
53: 60 28 74 40 85 87 37 65 62 36 3 40 45 63 2 35 89 51 59 97 43 10
52: 10 36 31 45 77 60 53 91 51 91 70 67 6 42 44 48 49 32 35 46 8 47
58: 47 72 30 25 13 37 11 35 78 74 51 75 23 35 77 30 54 69 41 39 51 53
43: 34 25 17 36 58 28 60 55 47 40 35 13 79 14 48 37 71 67 52 20 18 32
