66 46 80 22 59 25 29 13 83 69 42 24 70 43 66 54 43 66 27 45 59
63: 96 43 24 55 45 62 64 67 63 65 30 95 52 55 43 45 32 66 49 61 72
46: 7 98 57 8 44 67 52 39 43 39 50 57 20 21 19 67 55 50 62 64 16
60: 32 21 59 36 43 36 32 35 21 65 53 51 32 34 36 55 35 55 39 98 46
113: 33 53 94 81 31 2 58 82 50 29 74 56 6 29 35 48 36 26 67 80 47
28: 37 35 48 46 40 58 38 55 64 89 49 71 58 79 23 48 45 95 75 39 31
79: 31 2 44 47 50 55 72 47 1 11 82 67 36 16 50 67 19 57 54 52 64
95: 41 29 65 44 59 75 64 55 90 73 93 73 69 74 49 51 48 64 48 89 64
33: 28 33 48 60 61 99 60 34 21 42 23 36 34 34 62 1 62 51 64 87 87
23: 95 41 31 56 66 47 51 20 36 39 41 44 22 73 48 52 69 11 89 41 36
60: 46 56 40 28 9 84 33 89 21 34 35 46 42 27 55 11 95 53 34 4 37
71: 37 43 33 53 99 3 66 8 76 81 30 14 60 30 31 58 70 30 44 1 94
24: 40 55 49 58 70 85 59 65 80 50 24 34 29 47 55 37 28 65 10 58 30
11: 49 86 78 21 80 57 18 20 8 62 46 80 85 94 54 36 61 40 24 55 58
4: 37 25 65 46 58 65 53 56 85 71 41 60 49 50 25 46 74 28 16 50 76
116: 74 90 66 83 52 58 51 53 72 72 61 67 84 23 65 55 57 87 35 50 19
