65 31 55 63 56 83 61 37 54 50 83 57 44 52 17 49 85 55 57 38
123: 3 79 63 92 71 70 29 37 85 74 4 73 23 55 8 33 14 94 81 53
6: 73 84 61 97 34 24 52 86 91 12 57 20 44 60 99 89 62 50 73 68
40: 88 19 68 68 51 76 16 76 97 12 74 18 40 83 17 99 65 54 72 97
41: 40 21 99 41 59 10 93 97 71 30 43 24 9 29 76 18 37 86 6 14
81: 44 8 37 23 62 48 38 80 6 64 62 84 52 83 55 48 27 31 62 55
41: 2 40 33 33 96 61 30 41 54 70 3 40 84 45 59 22 86 94 60 46
141: 78 72 93 61 64 27 63 49 66 59 14 97 45 41 34 88 55 52 7 73
31: 90 55 58 85 7 69 22 61 38 31 81 41 63 43 61 31 46 36 48 64
130: 4 96 90 12 37 34 67 66 20 28 53 50 41 1 70 90 1 26 27 30
30: 50 34 68 59 19 66 63 62 63 58 45 99 55 89 86 72 61 30 14 35
83: 26 45 13 63 15 22 97 24 58 68 16 85 35 62 6 87 40 13 64 88
74: 80 3 45 1 43 50 98 49 86 97 7 52 92 96 31 79 18 19 85 58
92: 38 25 94 59 45 80 14 81 68 55 18 34 47 66 2 62 88 52 79 80
44: 9 97 63 3 68 84 42 74 85 10 8 67 2 94 13 25 12 10 58 93
