43 50 57 62 61 52 41 68 39 67 0 59 45 60 51 35 94 67 43 48 41 85 37
44: 93 93 31 65 34 10 55 92 89 35 73 56 60 47 56 6 7 63 2 55 61 56 95
75: 50 27 84 88 33 18 14 9 74 96 66 20 42 10 93 56 65 14 77 23 33 82 35
78: 28 27 81 27 16 47 54 94 89 57 94 96 14 8 37 77 1 72 71 79 1 2 82
123: 84 98 28 71 78 65 56 38 8 8 32 50 12 90 63 18 90 65 15 25 99 64 55
20: 31 27 87 44 68 30 98 57 69 77 9 53 41 31 54 94 27 21 77 87 73 85 59
52: 64 44 33 17 28 2 49 25 14 19 19 73 15 83 9 43 13 56 46 88 34 41 12
75: 42 9 53 28 19 97 8 81 49 56 72 3 44 96 13 73 11 9 45 39 9 27 25
83: 19 28 65 61 4 61 51 7 17 68 9 53 56 53 38 91 15 41 99 90 59 13 40
11: 48 70 58 18 5 91 81 86 82 75 10 59 6 25 95 8 43 31 62 29 16 41 81
8: 6 44 13 83 6 62 36 67 36 57 98 33 84 85 65 4 95 59 60 18 59 78 19
68: 79 12 76 88 10 6 63 70 88 70 74 11 24 64 87 27 43 66 67 15 49 18 8
45: 74 72 63 1 58 82 76 24 7 58 70 95 99 65 50 90 97 12 47 25 13 93 83
49: 70 97 17 20 11 5 94 17 45 10 30 15 90 28 74 28 27 38 76 91 69 55 95
101: 3 12 36 52 28 46 19 78 36 32 38 22 65 48 90 19 51 11 53 92 12 44 91
132: 42 54 53 76 85 66 5 28 1 15 66 2 10 22 66 2 13 41 74 69 31 19 81
