38 44 21 39 45 28 22 68 4 62 60 60 17 62 51 48 51 65 51 56 60 45 31 59 76 51 46
106: 47 35 15 82 39 31 27 11 96 61 47 63 24 82 28 21 99 74 67 41 57 6 88 47 91 56 88
87: 11 22 94 7 26 76 26 85 60 85 6 8 33 70 47 71 73 58 33 64 67 53 65 19 33 93 81
16: 36 18 50 94 54 37 72 92 88 71 87 83 77 77 54 53 42 41 3 66 27 89 10 40 65 72 65
124: 3 46 72 87 51 43 91 38 92 17 49 77 59 95 10 41 4 20 34 63 55 36 71 82 12 59 70
96: 11 71 83 49 13 88 29 76 83 19 67 71 68 90 43 52 22 15 26 68 42 57 25 22 43 18 1
69: 83 45 45 4 11 69 27 26 55 13 79 82 48 23 36 79 47 22 10 7 69 95 11 35 49 6 27
87: 52 59 9 29 61 96 64 3 43 16 55 77 96 46 88 98 77 10 52 92 67 10 29 29 14 70 70
50: 35 54 62 28 64 55 8 70 52 91 35 31 85 33 78 67 29 51 79 38 8 61 36 64 68 76 78
56: 4 91 61 15 36 41 99 30 29 22 94 88 48 12 66 59 31 6 17 17 34 97 14 86 18 96 24
125: 79 78 75 4 93 81 93 58 83 96 14 49 3 9 70 97 8 52 34 56 61 29 67 72 91 73 42
53: 18 36 23 96 71 36 98 46 17 69 30 33 67 27 72 65 60 7 50 2 10 86 25 16 17 79 58
69: 66 85 34 23 11 2 60 40 86 53 73 73 63 82 76 53 80 93 98 98 27 65 12 13 82 43 71
15: 29 41 34 11 72 78 96 98 50 22 9 52 48 48 75 84 53 77 85 48 78 68 44 25 71 55 86
75: 57 35 20 10 4 90 69 44 78 99 83 87 64 58 86 28 94 57 67 93 90 48 28 73 60 2 96
90: 63 52 27 83 75 67 25 2 36 25 21 18 30 62 10 6 29 90 37 99 64 31 32 35 72 63 77
82: 19 8 93 26 87 57 94 56 70 85 82 78 84 44 72 76 64 18 27 28 95 64 7 6 66 90 52
