23 44 68 61 73 49 26 79 39 40 49 44 43 55 95 37 31 44 61 48 44 42 36 55 49 68
135: 45 44 61 14 58 36 25 97 93 29 80 0 53 54 82 33 6 97 44 54 16 8 55 59 83 75
107: 15 57 19 39 95 65 35 55 18 51 9 71 58 28 46 61 53 11 35 61 86 42 93 66 87 58
100: 19 33 31 39 87 29 62 57 7 56 59 51 85 88 26 46 58 31 40 41 95 31 82 29 87 41
88: 42 4 67 13 16 42 42 7 42 52 39 46 51 79 34 58 37 96 45 23 41 51 26 21 55 40
2: 10 48 20 64 50 39 34 10 70 65 42 53 9 56 60 34 35 27 64 50 54 97 10 56 62 85
68: 64 41 10 38 24 33 57 78 91 55 90 64 91 3 41 40 36 37 25 59 49 29 39 25 35 70
58: 44 49 70 48 93 39 57 35 15 7 41 33 26 50 45 76 80 35 33 48 42 78 32 42 7 59
56: 69 14 90 55 35 57 45 40 81 45 18 50 64 12 43 42 78 73 81 54 31 90 62 15 72 67
107: 64 55 35 65 43 81 54 56 71 67 64 52 86 4 36 36 63 3 59 45 37 67 59 53 33 66
167: 9 84 78 57 55 56 26 95 31 86 67 36 78 41 29 32 20 57 74 42 67 41 76 51 51 73
107: 34 51 58 81 46 43 65 49 32 57 51 52 43 48 44 64 67 66 37 30 44 52 34 43 63 59
147: 18 47 32 66 34 50 32 54 40 14 50 88 85 80 63 58 40 69 48 58 49 3 99 66 49 19
114: 45 28 63 62 92 14 30 20 63 43 37 56 88 62 7 80 30 14 12 38 58 46 59 36 52 28
33: 19 62 88 43 41 54 66 2 10 64 54 67 82 12 69 90 78 84 40 52 74 63 56 38 28 64
