69 28 47 34 63 55 11 56 21 60 51 52 12 66 41 66 79 73 10
39: 51 27 85 50 51 15 35 66 99 40 81 90 15 27 63 45 25 64 52
17: 6 52 52 37 36 79 57 1 38 62 57 36 56 15 52 42 93 67 38
85: 94 63 49 35 38 47 46 10 33 31 52 17 76 61 37 71 68 18 82
38: 71 47 36 76 71 72 38 61 72 59 27 31 37 33 28 62 38 22 58
55: 72 69 57 23 64 95 7 75 70 12 62 20 64 7 70 54 56 34 63
23: 16 30 80 48 72 35 8 33 20 49 15 93 29 46 34 42 82 42 44
45: 75 62 45 38 64 23 69 52 27 69 89 49 0 71 70 99 54 45 39
94: 52 73 44 56 9 66 72 43 32 37 78 38 94 43 58 99 84 29 69
35: 58 58 36 77 57 43 37 63 62 35 12 79 51 50 58 57 62 35 62
30: 61 53 63 81 60 54 27 46 16 90 13 66 32 38 98 50 42 49 49
58: 78 17 31 60 5 44 57 28 41 90 22 39 37 55 46 98 69 54 77
74: 67 38 66 68 49 40 46 74 73 30 96 75 20 49 36 79 46 11 89
22: 51 34 50 46 47 49 54 46 35 4 50 47 2 68 76 7 6 9 66
86: 39 56 58 96 35 30 49 61 93 85 14 43 37 76 95 20 7 43 19
24: 10 45 75 26 44 73 25 47 53 22 48 82 58 48 93 32 47 22 30
52: 73 42 50 36 40 85 45 52 54 46 71 41 71 92 36 85 66 38 74
