22 21 29 56 94 13 47 62 5 53 46 60 79 95 43 39 14 79 29 87 71 41 16 47 45
47: 37 48 29 27 51 73 47 34 62 58 37 51 56 36 42 29 54 38 53 61 58 74 45 37 99
86: 38 6 52 58 16 56 42 51 48 69 51 68 70 44 53 60 53 53 73 41 55 31 61 46 21
53: 11 56 66 29 29 54 66 66 26 47 56 53 82 19 93 81 36 57 62 43 61 62 45 68 75
95: 43 18 41 44 64 48 40 44 58 76 54 51 51 66 50 62 39 54 64 32 33 66 46 48 64
67: 49 34 35 34 45 49 50 49 60 36 65 54 69 28 71 45 32 25 85 45 58 12 46 64 64
69: 65 62 59 37 68 57 37 34 48 66 44 62 74 64 47 67 84 37 53 81 53 50 46 43 57
51: 18 99 23 67 59 54 58 77 58 42 30 65 33 76 30 23 68 58 56 44 55 46 5 57 28
58: 59 51 30 21 42 40 35 70 46 58 46 42 40 36 64 42 47 35 58 55 53 42 48 58 17
81: 55 43 52 59 54 76 59 20 40 32 23 62 2 42 65 38 22 39 19 63 49 43 36 64 40
22: 42 25 44 43 61 47 28 45 48 56 39 42 27 27 36 61 69 47 80 55 51 70 58 59 42
8: 55 39 22 50 35 58 37 67 64 62 62 18 34 74 46 73 48 41 58 82 55 69 61 30 54
3: 33 22 43 52 49 58 36 83 60 30 43 53 75 58 40 46 50 69 45 39 53 29 51 63 23
83: 31 59 72 52 20 18 42 74 71 37 64 41 61 52 50 53 28 32 61 54 75 30 31 56 56
79: 44 43 85 70 42 80 57 57 39 16 51 61 30 49 64 42 70 28 33 49 46 76 57 52 31
69: 41 37 14 53 55 24 51 83 50 45 43 43 34 52 48 34 58 33 47 56 70 63 58 65 48
