49 84 94 45 64 98 30 65 95 35 97 49 46 99 31 2 84 45 84 52 20 55 64 60 42
76: 69 79 68 49 76 88 87 40 8 41 43 92 86 40 76 45 9 48 52 93 41 10 18 10 72
123: 11 75 89 5 76 16 21 19 39 99 20 27 44 33 34 74 42 72 5 90 51 34 60 18 64
28: 35 83 51 92 31 50 56 71 59 29 71 95 81 40 38 61 85 45 53 16 90 72 33 62 44
37: 5 71 92 60 53 95 41 8 77 33 72 22 32 88 69 54 71 15 5 15 31 33 10 24 56
147: 76 73 58 54 32 41 20 7 84 14 53 34 97 74 43 5 52 90 93 48 62 89 9 47 79
164: 34 56 40 83 49 26 37 44 94 91 32 95 90 44 11 19 54 93 39 25 81 28 14 29 25
177: 95 36 3 59 90 17 70 59 43 55 98 87 53 39 88 99 18 36 87 33 30 35 92 93 33
48: 74 79 24 90 49 18 18 52 19 25 80 72 75 7 11 43 64 48 65 5 95 19 57 89 15
32: 92 34 82 25 35 58 16 68 89 73 2 48 43 23 55 65 34 9 94 42 7 84 80 49 65
78: 39 44 17 15 29 75 51 89 77 94 69 17 46 62 53 92 63 83 13 87 41 22 72 55 54
182: 97 95 28 41 51 33 51 14 23 93 2 81 57 29 12 42 35 56 52 36 77 92 51 66 28
74: 58 32 22 2 48 31 74 31 98 10 72 28 12 93 51 88 86 93 70 55 76 7 10 48 66
175: 86 61 76 81 11 88 4 94 52 85 41 30 14 38 13 31 5 82 27 78 77 58 79 17 1
