35 17 79 56 19 87 19 91 15 36 44 92 78 2 83 53
6: 56 81 82 48 40 33 50 27 52 44 72 56 10 84 92 33
13: 30 28 2 76 99 95 38 18 95 8 45 50 28 71 32 68
18: 29 19 37 88 99 28 10 2 94 35 68 15 71 54 95 93
27: 67 58 38 72 4 5 57 58 20 14 12 1 84 62 8 80
49: 79 54 45 28 95 68 7 72 7 79 71 45 39 71 47 82
30: 56 40 88 33 92 31 88 54 56 57 19 45 27 79 58 12
83: 26 29 41 41 34 47 6 88 65 49 76 11 54 46 20 87
36: 68 49 84 40 42 96 1 97 69 73 14 55 86 97 6 41
79: 84 35 77 14 65 47 68 46 2 63 63 41 57 94 61 22
33: 69 89 59 13 74 37 2 81 96 3 46 90 30 57 74 95
13: 48 38 92 96 53 18 51 88 53 35 78 83 27 47 55 18
42: 81 17 63 57 46 25 73 6 26 75 74 55 29 11 52 51
64: 41 74 94 95 80 67 86 76 16 47 33 30 12 99 48 52
82: 13 20 20 40 85 91 47 42 49 53 68 23 23 60 1 50
