31 38 90 71 26 77 73 46 32 12 18 38 49 13 22 53 3 84 13 21 66 19 58 21 60 37 82
65: 79 35 21 64 77 62 65 25 77 1 77 28 18 20 7 99 59 39 86 86 43 80 91 99 57 7 33
87: 65 93 14 69 74 3 31 37 18 17 78 49 64 66 44 4 78 13 17 62 65 85 24 70 38 88 3
118: 79 55 85 87 11 66 6 20 95 56 98 27 40 68 64 68 32 90 35 52 16 26 27 40 79 2 86
184: 83 64 3 55 53 86 35 23 95 60 65 53 67 66 59 95 45 32 3 30 21 64 71 84 11 49 45
61: 14 10 68 49 4 35 29 41 59 20 5 77 10 85 29 55 55 20 33 50 74 46 46 5 1 27 90
55: 48 31 46 92 13 39 39 59 22 29 8 81 51 32 99 53 32 84 41 78 83 12 47 57 94 53 27
38: 1 6 29 75 7 81 77 76 38 42 85 58 28 65 54 20 5 96 47 9 19 37 72 43 75 38 30
6: 18 64 7 56 28 98 72 74 45 15 3 82 68 10 24 85 32 89 26 55 1 57 25 68 64 3 15
6: 68 50 37 62 29 5 49 87 13 98 99 56 2 1 55 59 85 87 67 85 44 20 75 69 81 77 85
38: 3 32 44 45 39 58 30 63 54 61 32 68 65 51 15 79 60 71 38 14 30 84 33 74 55 71 32
95: 83 40 43 28 21 28 70 36 48 8 8 3 47 63 59 88 17 5 75 34 21 79 47 5 55 9 93
74: 38 4 82 76 66 47 51 86 47 46 54 36 91 1 27 7 54 18 66 11 20 83 54 77 78 82 23
15: 57 27 70 85 24 72 46 4 51 35 80 45 14 38 62 20 25 52 70 62 49 15 99 6 14 98 45
51: 65 72 61 17 23 70 3 38 18 58 69 2 3 77 68 46 55 52 33 15 32 90 44 80 53 88 31
76: 75 16 22 70 24 47 73 99 16 77 20 46 3 40 27 21 19 47 86 99 43 37 20 16 29 73 10
