12 88 68 6 87 34 32 55 2 94 70 42 4 2 73 64
2: 32 3 12 31 46 24 5 60 94 82 5 36 82 57 14 32
52: 48 54 28 21 3 95 19 73 75 35 67 71 68 73 94 1
46: 43 58 37 75 18 36 67 73 15 50 44 10 17 11 53 76
75: 37 45 14 88 48 58 34 24 85 65 64 48 74 81 59 79
34: 7 51 58 43 3 22 17 63 63 55 52 37 76 75 33 64
19: 79 56 56 59 33 66 73 82 23 72 54 42 28 1 15 30
36: 3 8 25 59 25 59 79 64 18 81 13 16 78 92 74 52
91: 51 92 93 97 83 7 75 42 35 84 2 26 11 20 93 40
15: 22 84 64 69 39 22 12 22 36 71 48 49 41 16 50 21
15: 21 71 68 9 3 4 79 82 72 88 8 1 75 3 13 39
67: 30 68 29 89 42 72 58 20 78 21 59 59 20 67 83 97
33: 22 22 52 56 81 85 10 59 14 28 74 26 68 4 64 16
72: 4 6 19 81 16 91 18 34 18 2 2 6 36 15 11 1
49: 35 98 82 4 3 98 21 72 48 13 79 69 96 62 85 20
50: 78 57 49 39 93 32 81 67 49 61 66 17 78 44 69 74
24: 10 98 17 77 35 34 91 70 10 29 87 23 4 17 47 12
