42 61 19 95 53 94 20 21 58 64 67 72 11 66 55 39 30 6 71 47 35 14 29
93: 51 51 5 66 51 85 33 59 34 47 55 50 61 44 55 68 54 59 89 2 25 41 83
10: 26 55 49 36 60 54 67 59 52 2 59 98 81 76 75 40 66 41 77 67 48 37 44
27: 63 63 21 75 26 87 92 45 58 44 21 29 66 7 99 3 38 96 63 50 63 48 40
84: 99 72 47 95 65 27 51 42 59 51 78 72 38 48 2 7 43 51 64 60 35 52 29
108: 89 20 55 59 60 10 48 65 54 39 71 71 5 99 82 79 70 55 92 41 98 61 51
69: 65 94 61 50 27 7 67 32 57 11 53 58 93 31 46 62 17 55 94 57 6 49 64
34: 89 45 98 78 25 40 21 40 30 40 58 63 63 42 63 75 58 24 2 38 74 47 18
91: 54 35 72 40 43 23 50 47 52 15 27 74 56 42 60 60 25 27 66 27 53 93 95
97: 28 56 40 81 50 86 3 46 32 16 70 68 27 42 47 49 46 31 76 47 33 23 39
82: 68 10 48 29 87 65 31 50 55 53 23 21 96 98 52 33 71 53 69 63 72 39 37
4: 33 15 34 35 31 90 55 79 8 48 15 38 34 51 56 60 47 21 57 17 26 47 77
10: 32 43 16 43 52 22 55 49 38 36 11 9 99 90 70 56 51 71 28 50 4 92 56
84: 79 43 64 14 46 23 99 31 33 41 77 41 73 4 16 43 53 89 68 21 65 67 28
