47 60 41 59 72 21 64 47 53 28 52 17 64 54 29 28 66 49 43 39 47 44 46 47
53: 62 30 22 28 34 87 92 28 74 49 33 86 46 34 78 42 53 12 25 59 55 68 93 45
58: 79 41 37 66 42 8 61 23 60 64 57 41 31 34 15 13 50 57 92 38 52 40 31 62
36: 90 59 49 68 44 37 44 12 47 73 58 82 56 94 47 48 33 18 32 61 31 52 26 77
85: 74 49 49 46 44 3 35 25 18 62 74 59 10 37 42 43 99 65 97 60 36 45 76 66
74: 76 65 40 83 46 43 43 48 42 32 90 45 46 54 99 32 43 26 52 45 55 30 41 54
81: 59 79 38 27 51 33 46 18 43 83 99 45 69 78 18 48 46 65 90 57 60 43 49 72
46: 56 73 64 51 57 93 37 57 47 20 71 42 12 33 92 59 89 93 41 47 51 17 35 91
48: 19 35 88 12 49 62 5 26 1 35 6 29 57 25 81 45 50 78 44 11 27 69 13 26
86: 65 71 34 65 54 67 35 82 83 40 47 6 17 48 20 66 82 53 47 19 45 50 13 48
38: 94 68 46 35 35 41 72 35 52 26 35 18 82 43 49 28 11 49 52 34 26 30 53 64
1: 65 53 31 95 39 18 56 71 8 29 59 51 49 36 27 1 15 78 65 68 30 57 86 35
93: 64 58 13 44 1 67 45 67 80 62 83 96 34 18 21 42 58 52 53 27 53 95 35 59
104: 52 59 59 31 46 70 65 83 2 38 37 19 95 59 16 18 61 80 11 76 93 32 42 42
19: 81 98 45 58 24 75 44 46 56 2 31 68 70 50 26 53 59 34 14 41 50 62 35 33
