52 25 66 64 23 52 63 66 29 33 72 24 11 66 43 35 53 32 33 38
103: 71 55 27 61 36 50 21 45 84 45 30 28 3 48 3 61 19 62 57 1
60: 43 39 68 55 52 49 59 39 51 32 59 77 23 46 45 83 61 36 54 47
43: 26 30 19 56 86 74 74 45 49 69 64 23 57 55 48 56 32 28 35 21
71: 50 58 60 60 99 61 34 35 61 14 36 47 26 62 49 5 99 47 87 92
43: 33 31 23 42 51 26 90 68 59 88 39 19 16 49 81 62 51 68 45 36
71: 46 15 86 37 40 19 32 19 45 58 49 44 18 62 60 12 79 39 72 43
6: 85 18 74 72 39 42 21 38 12 22 41 52 39 54 6 54 86 61 25 12
21: 8 41 31 39 71 39 59 39 64 37 88 61 50 42 58 8 67 58 55 29
81: 12 42 65 78 22 52 64 52 67 50 97 76 94 52 54 56 65 8 62 85
33: 91 68 94 70 48 26 53 5 10 80 28 22 36 57 1 21 5 51 58 68
57: 75 39 54 42 39 28 77 59 95 74 32 1 41 53 56 39 24 6 84 63
36: 54 33 49 58 31 45 36 33 34 46 65 45 78 50 40 96 39 64 89 35
1: 8 55 80 58 51 0 84 41 44 99 60 85 83 9 35 95 51 91 41 84
8: 27 62 53 36 25 2 25 63 86 38 41 82 87 51 63 84 43 41 52 68
7: 79 47 22 75 51 72 30 46 92 35 24 70 36 47 49 53 47 31 54 65
