57 62 34 59 62 42 66 53 9 48 10 50 37 48
42: 51 56 68 49 65 63 56 58 54 47 48 52 51 43
32: 50 57 62 68 55 50 52 49 66 42 40 44 56 38
52: 46 62 51 45 76 55 56 54 14 48 26 33 87 58
43: 52 47 34 48 68 68 39 42 8 58 25 39 29 82
50: 37 39 50 36 18 93 64 65 87 57 44 48 46 39
36: 55 61 58 58 62 24 38 57 21 18 49 37 21 53
44: 44 58 43 48 20 65 61 43 36 47 52 76 46 13
50: 57 34 50 53 57 71 48 40 45 53 49 51 16 34
55: 42 26 52 57 68 38 64 48 39 61 55 19 50 34
32: 73 77 36 46 51 45 63 56 57 38 34 41 66 69
64: 41 49 63 53 56 33 24 50 36 63 46 54 62 60
33: 62 57 44 19 71 67 51 63 40 56 46 56 56 56
