43 63 32 49 64 63 43 27 52 61 40 79 56 32 39 27 23 62 65 25 78 84
61: 41 48 53 25 47 34 35 55 33 66 85 28 45 43 61 51 53 52 31 61 34 12
105: 42 38 36 76 33 85 48 73 44 52 61 25 63 54 29 45 29 37 47 50 34 62
84: 39 95 87 57 39 47 46 50 38 18 47 39 58 38 31 51 31 53 32 52 71 59
121: 56 48 63 63 68 56 34 67 31 59 66 50 51 43 64 40 41 24 48 74 38 25
66: 88 36 61 22 46 26 66 26 57 51 36 40 33 76 30 56 60 56 56 60 62 45
53: 41 53 50 39 69 18 72 49 60 40 51 66 44 24 61 51 46 45 35 41 39 54
68: 70 43 17 64 32 74 73 74 39 32 60 36 56 12 69 47 33 60 61 34 51 66
82: 35 86 22 58 56 35 53 65 55 45 58 56 53 72 54 18 37 68 52 48 47 24
119: 71 45 37 36 53 41 58 70 57 70 18 50 49 63 50 33 54 42 75 34 70 51
26: 32 51 78 40 49 31 71 48 50 45 63 32 34 48 45 47 60 40 56 47 44 27
56: 26 18 63 56 59 28 40 40 64 37 17 58 31 52 39 36 50 35 57 38 17 86
37: 60 37 41 57 42 65 15 67 45 33 67 41 37 42 47 77 32 36 94 45 61 42
84: 45 48 52 44 42 53 70 29 93 43 18 67 56 82 54 32 58 37 39 43 66 31
74: 48 67 55 54 53 56 65 21 45 67 52 88 71 35 36 39 40 40 44 59 53 26
