52 38 78 38 57 67 45 48 69 22 36 72 35 58 51 61 47 15 70 28 52
45: 35 61 25 51 55 32 34 53 55 46 22 67 70 27 60 39 39 54 21 22 38
74: 50 42 62 33 42 45 47 81 51 62 52 71 59 63 60 18 53 35 61 19 42
20: 25 49 57 63 45 62 30 39 55 56 57 69 87 27 59 22 51 36 57 50 28
71: 0 73 46 48 32 50 61 63 21 60 31 40 34 58 49 27 44 65 46 34 45
48: 34 25 58 58 61 52 54 54 65 83 60 47 73 62 49 56 22 58 32 70 51
39: 51 61 36 34 59 59 62 56 54 41 53 59 29 57 42 56 31 23 16 69 25
42: 44 45 63 49 74 49 38 59 21 52 71 66 19 66 65 69 59 55 38 57 53
68: 47 72 50 59 50 51 31 6 56 54 60 38 61 8 66 44 11 30 51 16 36
54: 42 37 54 36 66 70 55 40 39 54 65 72 38 37 77 52 63 61 53 58 33
53: 30 64 34 48 90 63 40 56 52 31 64 71 68 48 46 37 47 46 24 19 42
73: 55 82 49 69 55 56 36 56 47 21 10 65 54 60 36 66 59 36 48 30 45
53: 21 37 36 28 30 22 38 61 58 57 63 39 58 63 53 45 58 39 41 41 46
53: 44 41 47 45 67 86 46 45 32 46 40 37 77 73 37 16 57 57 35 33 40
56: 50 50 78 31 51 49 31 43 69 36 57 42 43 52 65 77 70 65 57 38 55
48: 64 55 71 20 53 65 47 52 26 27 25 52 54 65 39 44 59 30 55 63 59
62: 52 60 34 46 29 40 47 59 67 71 43 63 24 46 60 13 45 76 42 40 26
