55 73 62 23 68 60 6 43 78 93 39 84 77 24 9 7 72
97: 64 54 60 23 42 19 1 31 60 8 65 84 59 56 6 34 61
36: 95 55 39 20 64 1 82 43 56 80 27 25 95 58 17 37 2
47: 56 39 47 40 63 98 28 89 57 72 12 58 44 99 54 33 12
21: 51 27 88 45 77 73 55 27 65 36 49 48 46 80 32 84 76
30: 62 54 23 46 26 53 77 29 91 42 55 33 32 86 29 51 35
43: 69 81 62 69 17 68 60 52 46 51 74 18 9 24 58 60 64
25: 32 42 26 28 69 56 44 35 38 77 72 8 36 91 92 82 34
32: 58 52 43 79 63 21 46 72 25 79 49 77 57 39 23 84 30
133: 53 32 31 12 0 67 94 33 61 35 14 48 75 44 70 33 32
106: 61 45 49 25 32 48 72 48 31 49 26 7 85 62 60 8 37
104: 77 3 59 73 37 51 40 68 58 90 42 52 85 36 98 66 74
136: 77 44 52 17 57 40 68 38 57 14 44 53 99 61 48 51 51
