14 89 25 77 10 9 27 56 26 28 5 99 30 88 64 38 72 75 96 46 95
83: 30 61 56 7 37 5 37 50 18 69 77 63 57 72 63 50 42 56 44 68 15
54: 46 22 58 9 35 69 56 63 60 44 24 71 40 68 48 92 45 58 48 99 27
27: 57 65 44 96 62 80 19 13 85 47 40 20 82 39 36 67 28 40 25 58 73
71: 61 64 49 44 99 55 42 65 61 58 13 61 20 74 37 77 52 61 60 73 50
43: 40 1 61 74 6 57 50 58 24 52 91 38 62 18 15 50 32 47 3 48 14
45: 55 58 15 36 50 3 64 49 36 23 81 26 13 1 93 36 65 47 38 54 91
75: 25 38 65 59 61 44 40 35 27 60 96 37 59 53 74 3 63 5 28 51 31
7: 60 29 46 65 29 28 45 95 10 35 30 74 52 56 57 72 48 25 45 54 57
9: 84 48 39 39 51 40 35 52 77 49 7 58 47 66 57 8 57 16 60 41 64
67: 60 7 61 1 5 20 59 19 63 61 74 29 61 48 26 60 85 37 78 55 94
62: 55 69 56 52 30 66 22 16 31 35 64 73 39 15 83 58 50 68 12 65 56
80: 28 11 61 81 30 73 49 18 51 56 50 50 60 73 52 34 96 68 70 52 88
68: 58 57 7 30 69 81 71 63 8 43 90 47 30 56 45 70 65 62 35 34 62
61: 25 33 92 28 41 97 46 32 46 74 66 50 32 86 53 65 83 46 47 34 28
