31 27 13 94 22 73 51 37 91 43 11 73 40 7 50 84 78 13 37 2 24 90 91 62 23 89 14 55 2
56: 20 58 48 45 38 9 46 94 61 43 3 55 51 61 4 73 9 60 58 24 49 41 46 27 38 52 60 26 42
105: 67 78 99 57 43 97 44 15 50 61 66 17 45 63 62 60 38 49 30 36 57 33 34 56 55 65 30 76 68
43: 61 98 53 81 36 27 68 67 53 76 34 17 11 3 13 58 11 72 32 29 95 27 26 45 82 79 56 87 41
65: 11 83 47 33 33 47 71 96 84 61 77 76 44 90 13 79 2 20 22 29 6 16 99 42 8 51 70 69 38
101: 46 51 4 39 31 61 97 27 89 87 41 50 29 39 32 62 34 32 44 10 73 58 62 5 89 55 1 51 12
10: 12 44 11 49 84 68 34 52 76 26 32 66 44 21 10 41 92 90 59 28 54 49 40 19 35 23 68 47 53
53: 27 44 46 96 32 52 63 23 38 22 23 33 27 43 55 45 45 80 4 40 33 40 55 40 45 95 55 47 60
51: 60 50 36 59 48 39 68 29 81 19 57 28 13 37 45 49 35 14 41 54 1 64 56 66 59 51 72 4 36
84: 35 51 39 27 45 77 16 50 36 98 89 44 65 68 80 44 65 45 88 97 83 75 66 70 91 50 39 19 37
34: 58 42 50 44 24 98 57 64 66 73 61 14 31 45 42 47 14 50 59 72 58 60 43 28 78 22 52 89 90
52: 29 55 18 39 28 88 71 91 72 39 62 82 78 17 56 25 82 15 73 8 86 44 67 19 23 49 51 40 46
27: 37 35 41 73 96 52 8 57 84 12 37 43 43 67 10 40 11 32 36 16 89 39 43 20 45 91 71 33 39
56: 27 12 29 48 69 33 39 55 45 58 57 49 56 45 35 88 59 15 55 17 52 29 70 64 75 67 46 35 21
57: 66 56 27 57 8 80 25 47 45 49 55 45 57 65 17 48 46 24 45 16 85 51 76 66 30 53 95 58 57
99: 44 67 60 73 92 54 23 45 48 8 38 4 51 29 26 62 44 59 2 45 67 76 28 54 47 70 45 64 77
47: 60 30 35 89 78 74 79 94 60 29 78 6 70 70 42 63 56 72 48 20 60 92 83 10 30 50 49 34 53
