76 40 61 69 22 16 39 22 59 34 6 73 63 73 45 33 44 73 51 45
48: 40 98 13 93 11 84 82 73 78 20 72 91 73 6 13 37 55 22 15 85
18: 45 79 16 33 65 24 14 92 71 74 15 97 8 16 14 90 99 61 43 75
49: 98 48 79 20 8 30 49 19 64 85 39 54 55 82 90 98 79 73 42 27
83: 45 35 45 11 48 23 60 40 80 84 72 64 56 67 8 4 23 31 47 34
31: 97 94 63 17 82 65 94 54 87 28 88 46 54 74 70 53 53 61 49 78
76: 60 25 20 73 40 54 23 87 94 30 22 83 21 49 85 93 29 88 97 39
76: 56 1 38 50 29 62 70 31 37 69 55 69 1 69 9 92 46 16 24 37
53: 47 84 87 65 47 46 42 72 54 64 51 89 66 66 58 63 36 49 9 2
49: 27 3 53 70 19 92 11 85 18 78 66 17 49 63 66 4 90 27 54 40
24: 79 82 87 82 43 96 91 65 29 75 27 98 80 84 36 1 7 51 9 94
47: 44 13 70 4 33 60 33 91 94 2 46 79 64 69 26 51 46 80 48 14
54: 59 13 20 59 84 35 59 83 57 45 11 16 39 68 69 66 29 13 50 2
28: 14 41 14 58 19 13 98 56 21 95 5 56 92 46 17 66 81 13 9 17
