23 60 2 20 60 43 15 38 52 92 48 24 4 54 54 10 88 75
49: 12 77 31 32 63 81 41 22 54 64 79 60 43 20 44 21 17 74
28: 11 68 40 80 1 99 55 50 60 3 96 37 21 49 56 12 22 12
9: 48 41 44 8 28 2 20 82 31 28 32 51 12 85 7 64 17 76
45: 31 98 91 11 25 68 44 72 40 31 64 53 11 70 98 37 53 90
64: 32 15 36 40 53 13 35 81 14 96 45 43 56 48 50 77 58 29
58: 84 81 79 24 98 10 83 84 34 39 54 64 51 2 75 42 80 76
9: 49 51 88 3 49 97 63 33 39 55 70 20 30 81 93 96 51 77
63: 63 89 55 90 69 87 61 9 90 67 51 11 4 34 27 49 50 32
43: 15 48 65 25 13 75 66 91 52 71 77 30 37 52 3 35 62 35
12: 18 77 8 93 78 65 77 22 75 53 76 48 37 57 10 58 60 6
15: 83 84 6 7 74 1 83 45 66 19 9 37 76 58 10 24 17 63
3: 54 39 54 21 31 25 28 8 64 38 8 54 90 88 86 51 34 71
31: 60 87 5 81 39 86 17 63 85 17 51 11 71 3 12 62 70 62
65: 38 56 78 88 67 12 93 53 13 51 69 38 24 31 67 85 88 57
57: 78 85 16 77 53 10 6 48 63 29 16 83 9 83 72 20 86 67
