37 53 38 25 68 37 58 54 70 34 53 57 5 90 68 48 34 46 15 1 57 31 81 69 8 14
75: 73 52 95 7 71 96 22 32 28 84 92 3 89 8 52 46 34 2 6 36 87 66 32 72 82 18
92: 86 40 97 69 39 42 72 42 5 10 73 40 43 39 88 48 72 22 99 57 74 69 31 7 26 60
41: 56 2 62 53 33 22 93 33 28 74 45 94 33 48 74 29 18 92 45 27 52 56 80 8 51 32
36: 81 56 22 20 5 29 2 41 7 44 93 68 34 8 96 86 78 93 39 36 92 72 74 25 66 20
78: 22 12 82 65 48 84 45 34 71 10 45 78 91 68 26 16 59 96 92 3 32 30 97 70 48 75
80: 71 13 4 67 20 73 23 33 82 85 37 67 20 47 9 69 85 3 34 54 24 71 84 82 38 48
39: 33 31 68 27 36 6 41 94 3 80 12 89 40 50 22 80 88 35 65 97 46 25 84 37 83 10
43: 17 7 64 5 25 57 55 29 69 39 54 46 48 2 1 12 83 35 36 29 8 4 2 49 87 44
17: 92 48 6 2 22 73 70 56 92 18 6 26 23 17 82 24 19 83 94 59 88 45 44 60 8 92
88: 17 80 96 66 30 89 52 85 71 84 68 30 33 18 23 13 28 22 84 88 23 80 93 87 89 25
41: 30 87 84 80 64 51 80 87 14 68 13 24 92 74 42 50 15 86 7 89 80 58 37 9 13 34
77: 10 48 77 55 3 24 21 26 62 42 7 64 98 76 52 19 61 22 39 33 32 94 48 56 39 73
10: 7 29 44 89 10 28 39 80 29 63 12 12 96 73 50 84 98 85 23 87 6 65 6 96 91 22
58: 85 86 1 5 36 17 70 33 89 91 56 62 42 10 68 76 52 61 99 19 98 98 73 56 84 88
3: 18 41 87 35 4 15 65 29 55 20 48 86 54 61 5 50 47 9 79 78 54 94 78 29 20 64
93: 21 84 64 18 96 89 17 9 12 93 2 80 26 93 73 48 48 38 27 61 94 29 84 83 95 89
