69 40 52 39 87 42 11 63 51 45 75 38 20 44 84 23 8 55 61 26 63
27: 40 39 36 68 21 34 66 27 39 72 37 67 61 32 36 17 49 65 59 47 38
10: 55 54 31 30 56 27 45 26 37 28 77 52 30 62 20 42 49 51 83 54 27
51: 7 70 45 23 46 36 39 36 34 46 58 26 29 76 55 65 48 72 31 21 48
79: 29 57 41 56 34 33 21 43 68 55 30 68 27 31 52 77 54 49 8 68 45
47: 39 40 34 63 37 56 54 58 44 34 62 57 42 41 47 61 37 35 34 64 17
98: 58 53 44 16 73 52 58 53 76 41 68 48 35 34 47 57 18 68 48 62 21
113: 18 55 36 47 46 49 53 48 53 58 39 7 38 26 70 36 35 19 57 33 53
16: 39 37 77 54 34 55 66 57 65 30 38 43 99 36 28 45 60 49 3 31 35
109: 36 39 62 45 60 24 43 27 51 45 36 17 68 42 47 37 56 33 53 70 53
23: 48 39 49 62 32 48 52 71 44 64 33 74 64 37 49 41 35 25 43 68 59
9: 79 46 56 85 56 3 39 33 51 44 49 49 59 47 58 55 60 42 53 62 72
114: 41 11 60 77 62 62 55 54 63 67 25 56 69 84 51 47 65 46 45 62 44
