25 77 82 53 40 47 28 15 24 84 50 43 18 40 28 71 64 60 73 63 56
31: 63 43 27 0 17 57 59 56 26 53 51 44 68 27 64 68 50 64 35 32 45
37: 64 42 37 71 47 14 43 58 28 45 29 40 40 43 16 56 10 68 26 73 33
9: 39 42 49 44 63 41 45 45 53 62 37 44 27 50 50 50 69 66 28 25 69
58: 62 28 51 69 37 45 55 57 67 77 83 49 11 46 48 51 87 29 46 59 41
74: 79 54 60 41 43 69 55 67 44 57 75 37 70 54 12 38 70 37 35 39 44
12: 44 74 52 71 38 70 58 70 72 64 44 56 48 42 44 73 55 34 35 80 51
50: 39 57 47 40 59 19 49 62 46 61 69 69 56 50 58 60 42 45 47 23 55
10: 56 47 34 47 73 59 72 67 52 65 59 38 59 30 14 37 29 61 29 52 43
33: 65 12 81 61 61 32 49 59 54 60 55 61 31 58 51 59 50 50 64 47 53
76: 65 51 40 12 47 42 64 75 32 68 18 60 66 47 27 61 52 65 68 48 66
84: 50 35 40 49 36 51 52 29 36 55 43 56 56 31 40 63 60 46 59 56 40
90: 65 41 54 46 63 30 51 59 61 29 44 46 55 47 37 66 63 33 56 51 34
99: 59 40 42 49 28 57 40 66 78 45 44 49 43 76 57 67 66 40 79 63 67
6: 34 61 38 35 53 40 61 44 37 35 49 52 53 70 49 30 67 58 67 46 30
92: 44 47 46 63 69 65 67 44 57 46 29 43 48 37 72 30 67 65 47 27 43
