93 34 57 34 84 29 64 33 15 45 78 48 41 57 67 94 66 31 54 51 52 80 31 37 77 35 89 31 40 49 46
131: 70 62 41 34 40 39 52 15 44 43 41 35 36 35 50 52 36 60 41 97 47 35 23 57 57 43 53 44 42 56 67
147: 34 39 54 45 73 55 68 35 72 46 79 22 80 38 71 41 40 27 35 66 49 62 25 62 30 78 55 35 54 65 83
75: 52 37 31 67 63 41 22 47 29 45 43 45 29 48 51 44 57 43 54 33 50 44 79 38 62 89 30 59 49 38 99
80: 46 50 66 49 80 47 48 42 42 24 18 75 47 24 68 16 53 35 50 55 56 45 51 52 59 52 62 72 28 49 49
129: 61 52 21 65 54 69 45 29 36 46 61 46 36 65 44 61 10 65 42 29 44 96 31 32 40 51 55 67 45 42 67
141: 47 29 72 41 30 45 13 34 51 41 36 41 32 30 57 27 47 38 25 29 90 65 50 39 25 17 55 52 59 42 57
21: 57 59 36 70 22 36 51 41 77 37 99 47 24 38 69 29 40 20 46 35 37 34 48 51 9 48 21 27 31 17 93
136: 29 45 3 44 23 40 42 43 76 60 54 26 39 47 43 24 45 47 68 53 37 48 61 57 18 5 57 67 91 35 80
136: 84 52 15 38 45 52 41 44 60 66 47 68 28 36 39 72 47 62 62 53 17 31 40 67 27 52 65 54 27 47 74
82: 44 43 29 34 36 46 45 51 35 34 34 52 43 80 69 75 58 57 25 50 50 85 55 57 51 65 56 45 73 76 81
119: 19 44 79 26 54 30 69 40 64 56 47 41 61 38 33 57 28 49 45 18 46 44 39 47 39 44 68 60 54 58 46
57: 41 42 8 64 62 29 75 44 45 49 24 69 41 24 31 29 30 17 33 89 37 42 54 28 38 67 68 29 26 56 60
85: 40 45 42 60 34 45 42 60 69 13 29 40 50 41 30 44 56 60 37 46 30 60 49 50 78 36 42 61 25 58 47
141: 49 42 58 75 56 76 48 36 42 76 80 75 52 59 75 59 36 51 73 65 21 53 59 59 52 36 31 32 47 36 32
142: 44 29 68 76 63 77 61 50 30 70 26 39 59 59 51 45 56 42 39 68 41 19 74 48 34 26 62 56 30 75 50
21: 53 52 56 49 18 49 70 60 58 71 79 50 54 47 68 24 52 75 43 45 74 68 80 42 48 30 86 43 52 40 85
