50 38 79 41 37 27 75 60 48 50 28 66 18 61 32
86: 17 86 81 48 29 37 40 81 92 47 85 44 44 52 58
69: 23 1 83 11 76 20 13 40 68 79 13 9 24 20 73
47: 54 13 49 36 47 49 16 1 43 63 81 32 77 75 86
86: 46 44 38 84 33 23 66 74 74 71 22 91 15 61 86
8: 71 43 13 97 36 16 4 67 51 78 65 73 61 15 90
68: 95 44 29 20 89 90 33 20 71 24 46 87 12 44 11
38: 27 61 42 51 7 17 73 75 77 86 78 6 40 17 34
62: 83 33 29 53 69 43 91 99 93 34 90 28 56 20 14
82: 68 92 49 47 45 66 35 75 6 6 13 57 15 30 16
76: 94 9 92 42 8 77 31 4 56 77 12 13 42 83 82
