3 47 5 57 7 56 21 78 54 82 5 61 70 89 30 44 18 99
26: 13 32 5 5 35 31 29 34 79 49 79 13 90 40 14 14 55 18
48: 85 52 95 67 95 80 21 23 49 67 88 11 50 9 92 91 33 54
46: 60 21 81 32 66 77 89 37 28 81 64 29 84 89 29 28 1 32
107: 76 2 79 74 36 32 72 18 41 56 11 38 58 95 61 30 59 13
83: 10 93 73 62 4 54 76 46 60 28 77 99 48 52 69 47 37 97
27: 36 56 73 56 18 25 93 19 6 91 35 71 24 47 85 18 48 84
95: 21 81 63 46 91 45 55 37 29 74 89 34 98 13 65 61 44 83
102: 52 98 50 41 13 19 68 93 12 91 47 51 93 54 90 82 44 6
126: 44 1 32 37 58 59 88 83 85 8 70 89 92 55 59 68 67 29
90: 26 95 68 78 37 63 42 65 32 9 45 55 53 77 85 38 5 99
