0 78 57 49 62 31 68 47 46 30 57 33 64 22 44 52 16 35 71 45 29 42
47: 51 47 54 10 5 32 32 63 26 21 25 83 48 24 98 51 20 10 58 38 75 8
44: 44 90 46 74 72 63 1 58 59 44 31 23 82 60 32 85 50 34 16 51 17 90
57: 85 7 52 76 88 13 11 96 95 45 88 8 13 13 98 80 34 4 82 88 15 41
37: 65 48 23 46 16 20 30 97 81 81 65 13 82 17 59 51 28 32 22 36 9 15
49: 33 54 61 14 51 58 54 17 42 5 65 84 49 62 93 94 44 45 65 1 40 18
45: 27 61 10 59 43 44 93 67 50 76 19 79 67 23 82 56 6 65 28 21 12 97
64: 23 15 70 40 21 24 49 49 18 97 44 35 24 90 84 90 20 58 11 19 21 1
52: 26 16 53 36 28 20 69 72 8 74 33 42 71 27 45 17 65 34 80 70 67 27
45: 92 79 95 79 97 31 2 29 68 59 32 56 54 83 16 51 29 44 73 5 80 51
25: 26 52 39 45 24 49 31 61 39 81 19 8 95 72 95 53 40 12 1 10 34 15
56: 62 49 27 68 39 44 35 28 49 19 66 92 98 68 72 43 22 77 62 32 98 25
45: 95 49 70 59 25 38 40 41 70 77 8 93 71 60 47 35 32 30 23 50 69 37
24: 76 40 39 70 40 8 47 94 19 41 93 42 73 25 5 96 68 38 16 68 20 65
67: 4 84 97 17 56 66 27 81 69 38 81 29 79 8 26 97 13 18 47 72 60 44
