51 7 71 47 48 67 67 35 40 81 26 30 67 61 34 65 36 58 33 64 58 24 75 35 35 61 69
40: 99 78 44 76 73 2 94 5 51 36 35 69 98 90 61 33 41 35 96 43 33 43 18 48 78 84 29
79: 60 84 71 34 20 75 8 26 91 85 28 7 1 66 35 10 35 74 78 65 31 81 14 69 11 16 19
64: 46 74 31 20 47 93 66 2 83 73 76 90 25 82 79 82 52 12 66 45 54 40 53 78 2 47 43
7: 65 92 43 67 2 59 13 48 47 53 59 95 79 45 10 32 71 11 24 41 31 86 28 20 30 45 88
68: 99 7 81 39 43 70 53 46 28 66 77 48 97 19 64 84 66 26 93 48 3 41 14 31 4 82 19
72: 76 39 89 75 14 20 98 41 87 85 65 89 79 60 34 87 4 71 50 92 59 57 63 80 97 42 59
72: 94 88 24 25 1 74 75 97 98 81 49 74 18 82 74 95 23 30 74 52 1 19 64 53 68 31 31
38: 37 31 98 80 14 74 76 14 48 67 9 44 59 78 21 43 7 47 53 92 45 99 29 9 18 52 33
76: 86 73 60 25 53 21 10 44 44 94 54 38 60 26 5 48 5 56 54 71 77 12 83 80 49 40 77
50: 59 34 78 71 91 15 97 68 73 23 64 22 86 21 94 75 34 40 19 35 9 71 9 66 45 36 15
91: 56 97 80 97 4 32 14 76 70 35 70 31 49 39 32 24 37 86 42 58 66 78 3 59 4 56 25
34: 26 69 47 91 23 35 57 75 34 73 36 68 8 31 51 87 22 70 76 59 63 27 75 54 79 14 5
37: 40 65 49 44 71 47 1 63 58 33 54 45 27 93 18 29 30 43 35 83 71 68 51 37 69 58 83
94: 97 2 27 20 36 11 26 43 82 5 70 71 79 23 91 69 95 96 78 16 54 88 13 51 27 39 69
74: 5 84 29 45 38 12 56 3 25 95 38 85 70 17 53 15 86 87 97 21 73 81 96 8 14 42 21
