87 32 64 25 45 42 14 84 56 26 76 41 31 39 92 48 45 10 47 59 81 20 61 36 12 26
131: 69 37 27 15 47 5 34 27 40 87 20 27 49 66 57 41 36 64 49 21 41 99 28 96 25 64
116: 73 71 70 18 44 60 78 61 56 97 48 33 39 74 17 62 46 51 22 38 9 65 2 67 42 73
107: 41 67 57 32 73 20 6 33 32 57 53 57 24 42 41 8 64 6 16 19 45 47 33 96 93 51
126: 41 71 53 51 15 25 40 34 91 80 19 67 47 56 25 36 63 61 44 31 46 36 70 26 52 55
53: 55 63 34 83 60 43 1 52 52 32 71 42 6 20 43 65 89 30 55 69 89 48 13 64 34 61
82: 58 10 54 64 51 43 47 97 58 73 68 73 57 2 66 26 23 44 31 71 81 17 49 75 42 42
69: 70 50 70 85 86 39 3 67 43 52 47 37 49 39 38 66 71 42 40 71 34 39 84 24 24 18
80: 82 30 51 25 59 60 53 62 54 61 46 80 29 14 40 54 51 59 85 50 53 46 81 79 77 44
100: 48 37 40 39 40 54 63 15 63 33 49 17 32 20 46 20 57 47 52 62 54 46 57 45 62 65
53: 43 79 34 11 87 30 10 48 72 26 42 85 76 84 68 21 78 27 11 16 60 56 59 44 26 1
15: 52 20 60 49 51 90 11 53 3 29 63 70 78 45 49 37 71 23 89 24 73 75 43 67 58 46
56: 95 36 73 52 52 38 59 97 52 43 24 52 70 74 50 74 42 56 23 27 66 64 58 81 40 49
56: 54 68 51 75 86 43 73 12 64 42 69 70 8 23 96 32 79 58 49 65 35 31 39 71 45 64
113: 47 40 38 26 29 67 95 43 40 31 20 56 57 38 48 73 65 81 52 65 37 55 30 28 35 38
42: 82 57 56 44 55 50 91 38 1 15 62 43 24 58 22 50 50 10 75 36 47 40 72 39 68 2
