54 76 52 76 13 56 35 18 62 84 70 81 33 81 19 33 57 52 94 71 49 97 72 85 19 24 37 3 75 27 72
137: 17 34 54 84 67 49 58 32 79 58 51 3 1 76 72 44 88 75 11 39 33 40 31 25 27 81 50 50 39 55 48
81: 53 45 9 55 37 96 62 16 94 72 74 78 55 5 44 86 72 74 30 68 53 1 74 49 48 66 43 15 25 57 48
123: 62 39 39 16 58 83 96 75 64 99 40 19 76 41 48 76 23 89 19 26 76 85 70 47 28 76 46 56 41 81 7
79: 66 28 48 68 76 26 45 14 51 96 42 56 40 39 13 80 64 47 50 43 88 28 40 44 85 5 31 43 56 20 68
111: 14 28 34 62 59 2 91 79 48 55 82 33 65 44 61 60 60 63 42 5 46 29 54 57 63 9 68 42 51 64 74
99: 29 44 94 54 15 39 63 43 3 49 54 35 9 57 69 40 44 83 65 25 73 62 12 5 32 42 72 45 26 62 37
97: 38 72 38 53 58 47 71 15 66 27 30 58 52 36 40 43 11 81 30 78 56 52 44 57 62 25 51 57 69 75 36
109: 89 28 67 59 50 37 64 52 73 44 67 6 34 15 37 53 37 60 3 32 65 71 45 41 50 43 87 60 27 59 65
70: 55 65 4 25 36 54 31 53 47 42 52 24 28 36 40 71 4 32 91 58 57 60 37 28 44 69 23 55 23 42 94
143: 1 66 5 65 64 61 24 10 23 64 43 83 49 53 65 48 93 34 7 6 28 53 36 63 46 47 73 51 57 89 38
102: 27 43 26 52 20 66 25 52 48 33 82 76 75 39 34 24 28 49 22 9 20 61 14 77 39 77 38 63 21 62 41
116: 45 34 67 54 92 41 3 39 41 46 61 60 68 3 56 53 47 55 74 48 71 52 43 51 23 43 89 71 35 25 34
107: 61 93 75 5 41 92 55 75 60 33 39 88 83 91 58 38 41 14 26 92 33 29 32 19 45 3 25 17 99 26 38
35: 67 72 99 37 75 67 95 39 16 44 70 94 46 91 22 32 31 24 17 68 55 56 96 54 41 33 38 19 40 55 48
146: 57 31 37 10 58 16 89 62 51 6 8 41 48 80 14 41 57 63 22 92 13 9 17 78 35 74 66 15 2 82 57
88: 54 29 53 36 74 46 77 90 99 66 53 31 64 54 5 9 87 42 44 70 55 28 48 86 81 49 44 98 73 60 52
