53 64 62 31 67 73 59 57 55 1 51 39 50 53 39 52 66 35 23 25
53: 1 52 43 86 11 54 93 8 15 59 11 34 71 75 9 55 30 26 13 75
96: 54 75 12 17 79 46 19 45 18 35 29 87 57 89 99 44 82 68 44 57
14: 7 87 51 26 22 22 63 18 26 40 11 45 14 65 12 21 20 12 48 12
39: 4 98 41 37 38 25 35 47 83 9 33 64 63 63 86 25 75 62 18 2
59: 15 86 67 46 59 70 51 79 54 41 50 4 6 98 60 97 65 18 64 21
45: 19 6 54 60 64 81 79 54 92 90 54 12 72 51 52 51 24 94 43 56
76: 57 61 79 19 95 51 60 42 18 32 57 99 72 13 5 92 59 35 81 77
74: 79 32 78 61 14 94 80 78 23 56 76 51 23 75 17 81 31 84 14 43
17: 56 1 42 22 31 85 70 63 2 36 12 94 29 33 60 53 13 79 94 1
100: 12 29 95 66 76 44 66 65 15 45 8 85 75 61 14 40 28 62 55 47
43: 56 82 40 58 16 8 59 97 83 93 79 49 27 97 28 49 43 67 66 60
29: 31 24 52 31 28 35 55 51 77 86 43 71 34 8 9 6 34 78 48 13
