42 64 65 88 47 49 81 51 54 5 29 55 60 29 40 70 56 66 49
98: 95 24 55 17 2 60 23 55 91 45 55 66 99 8 95 69 81 5 68
41: 88 16 27 33 13 78 64 14 8 34 5 50 13 13 70 33 18 67 36
114: 97 7 54 59 57 87 65 57 90 56 72 96 35 85 26 75 92 54 32
33: 70 95 98 39 75 16 60 66 36 87 49 99 43 23 17 31 80 58 12
85: 76 50 22 96 21 16 61 54 88 98 71 19 58 45 5 54 15 17 18
55: 49 31 69 80 1 35 39 86 88 9 50 4 13 75 40 99 70 97 15
57: 31 57 16 53 19 45 90 45 91 60 81 71 67 45 99 14 96 90 85
102: 91 6 24 69 20 15 72 2 35 78 5 39 62 53 47 40 12 89 42
79: 47 29 24 40 35 80 43 16 56 43 26 98 27 54 47 24 6 59 24
65: 43 32 24 10 34 38 5 69 88 83 74 30 21 8 63 92 8 66 48
43: 97 80 87 93 57 28 67 3 83 69 31 99 73 99 40 62 13 4 89
50: 68 8 39 20 78 44 75 2 37 51 32 60 27 40 51 82 82 17 88
34: 41 97 7 21 65 27 30 69 2 5 18 2 3 34 97 12 71 45 95
