23 41 37 33 38 64 59 53 67 76 37 30 31 38 48
66: 44 46 61 43 46 98 55 34 70 84 64 63 70 68 73
13: 64 37 57 47 30 32 24 54 58 89 32 12 51 25 48
27: 70 96 75 92 4 6 48 55 60 27 41 92 70 39 68
27: 54 42 39 92 41 54 48 58 30 34 82 19 72 88 36
35: 35 66 50 39 72 6 64 49 40 79 74 50 49 35 65
71: 87 10 15 48 61 95 66 44 27 82 70 18 47 48 49
69: 22 4 78 61 53 68 14 67 3 62 52 55 53 92 30
65: 61 68 24 35 36 12 59 1 44 51 42 85 42 37 35
65: 81 79 97 85 47 45 70 41 58 50 86 97 53 25 47
30: 79 65 86 58 37 59 14 78 50 70 63 21 51 23 32
1: 26 40 83 46 30 47 96 82 61 5 46 49 19 55 55
17: 94 31 75 63 62 66 90 25 57 2 50 44 44 49 44
