46 67 32 1 57 43 53 46 49 24 54 62 48 57 99 78 30 39 25 48 49 50 56 46 64 30 37
49: 46 99 64 72 36 32 57 26 49 79 60 84 61 68 10 61 51 2 60 60 50 65 45 72 66 82 80
23: 53 20 36 59 39 10 55 67 58 78 6 13 43 55 95 30 79 77 23 45 68 46 17 62 34 43 89
225: 86 45 60 53 55 12 34 70 44 33 34 79 43 13 33 34 74 55 46 50 30 45 39 61 43 58 47
89: 45 3 98 59 20 73 1 65 80 61 40 72 60 15 26 52 45 46 2 51 52 69 51 29 87 15 80
123: 73 81 33 92 49 84 36 32 58 45 33 36 0 62 64 1 66 70 53 29 43 77 45 90 82 45 52
49: 43 24 53 56 31 62 93 30 54 59 67 4 42 93 4 48 77 75 67 59 51 29 70 66 33 45 53
38: 49 59 37 20 67 5 31 39 31 60 81 50 36 75 53 69 74 53 43 63 3 88 64 39 66 51 49
105: 77 63 55 53 33 93 22 72 15 66 72 5 35 90 63 25 2 3 97 45 63 90 13 13 16 42 36
54: 29 69 31 60 52 67 28 11 55 3 25 52 90 62 54 68 18 23 44 73 1 73 11 53 56 39 79
123: 21 33 73 10 54 96 53 53 47 65 8 90 24 63 27 67 54 87 15 96 26 47 68 91 70 52 50
61: 27 79 70 14 47 3 38 16 53 41 46 10 46 24 35 97 66 7 67 56 20 73 32 7 44 53 87
69: 84 72 85 85 19 78 31 43 16 96 41 56 24 25 63 30 31 29 54 49 61 56 51 37 94 96 72
135: 6 63 57 21 70 94 29 50 82 65 60 42 57 75 44 63 27 71 42 57 24 93 38 71 75 38 85
110: 8 55 46 21 57 55 53 61 16 50 39 11 63 54 75 60 91 53 73 37 30 45 45 73 94 46 0
