40 72 80 53 38 82 58 35 41 45 24 49 72 50 40 83 70 61 49 29 66 59 75 39 70 36 67 50 10 32
35: 17 73 75 31 7 71 47 60 39 20 30 28 60 81 61 48 51 50 54 33 57 40 31 95 49 42 23 85 30 63
176: 61 24 51 87 57 93 34 40 64 31 57 44 16 95 20 54 68 46 59 70 52 46 88 62 65 89 43 86 59 69
33: 40 19 7 46 55 69 17 10 90 64 67 58 27 10 53 49 75 32 58 20 56 40 29 65 42 33 59 69 44 37
180: 39 77 61 26 37 40 73 65 40 24 39 76 65 46 80 96 62 17 74 50 57 93 55 34 86 51 8 2 50 41
152: 43 50 95 35 51 89 59 24 68 47 45 64 85 58 55 20 24 28 44 44 81 81 76 32 5 95 80 36 14 39
24: 44 46 79 63 52 42 37 48 40 68 65 74 2 49 40 40 76 49 44 58 44 30 47 45 56 32 63 48 36 37
68: 3 36 14 38 47 50 31 4 69 48 28 27 62 43 33 9 22 85 14 33 44 40 52 80 73 15 83 42 96 33
68: 71 33 55 64 9 31 80 90 38 75 66 41 53 38 17 32 21 45 60 28 33 99 39 55 94 52 31 14 93 6
152: 56 48 75 43 10 1 42 19 30 83 72 21 97 60 60 58 17 49 59 64 74 74 51 77 33 70 73 51 77 65
129: 70 76 48 72 49 63 9 81 54 15 56 47 3 50 30 14 2 18 52 40 82 43 51 39 8 19 31 6 76 58
42: 68 83 24 75 78 57 47 35 38 26 55 53 51 75 24 2 32 65 49 57 70 27 28 82 87 2 35 52 65 59
83: 19 41 62 64 94 72 42 59 42 53 50 26 29 45 46 27 34 58 90 55 72 67 45 65 16 16 63 41 36 54
158: 95 57 78 34 50 80 90 66 36 13 64 44 29 69 86 14 30 80 48 66 40 84 13 32 24 95 45 51 86 65
31: 56 23 51 93 10 28 67 87 59 50 19 76 48 81 42 29 55 11 13 44 43 58 81 54 47 60 29 48 52 42
143: 86 26 21 50 64 32 96 21 85 69 37 59 64 24 43 52 77 45 61 40 31 62 80 67 28 49 63 7 64 98
70: 22 68 93 78 24 47 37 60 45 89 82 74 18 44 45 17 46 50 74 99 46 75 35 41 58 5 42 50 55 39
