85 1 32 58 31 73 57 44 32 3 80 39 79 51 74 32 2 53
79: 66 28 89 66 24 37 68 4 31 8 19 25 48 57 60 20 13 37
105: 83 19 75 47 67 95 30 22 41 66 65 71 23 99 13 94 57 30
60: 81 89 58 79 42 47 46 61 54 90 6 57 43 45 40 98 25 53
4: 81 43 31 50 29 77 57 49 53 64 54 55 38 73 39 79 51 54
62: 42 1 39 81 45 99 84 16 89 70 60 41 18 12 83 12 70 62
118: 61 42 43 47 44 50 34 28 40 43 49 95 49 37 8 25 63 43
60: 34 43 70 44 51 41 58 3 77 35 31 63 53 58 99 97 53 75
70: 65 63 44 57 72 17 58 48 52 13 26 29 24 25 56 75 78 78
44: 89 80 63 18 26 50 38 75 59 51 46 7 29 40 65 58 55 22
74: 32 42 85 69 33 30 99 86 51 33 48 43 49 44 70 7 70 74
