74 91 84 27 12 76 44 40 67 50 93 72 28 59
95: 62 28 46 99 17 59 89 60 30 48 43 37 63 37
28: 30 7 77 61 83 55 56 79 93 58 83 33 55 48
104: 80 50 4 68 9 31 43 23 28 14 98 74 25 52
54: 99 46 35 61 41 21 46 86 68 55 28 42 67 13
82: 33 37 86 34 92 47 59 36 43 46 81 22 10 56
78: 69 52 22 31 69 27 37 73 36 72 71 52 59 43
24: 66 45 63 59 15 69 45 23 42 10 52 42 47 58
46: 73 47 43 29 21 89 93 93 97 23 31 66 57 62
19: 77 30 8 36 47 49 75 39 72 67 79 0 65 38
46: 39 87 79 12 43 99 36 51 47 69 33 45 67 7
72: 36 48 29 47 55 67 69 14 98 27 51 47 31 10
