57 26 46 45 27 31 54 81 56 54 45 61 32
66: 49 9 52 64 31 53 39 56 42 50 60 72 34
77: 37 36 78 71 36 48 40 56 16 62 37 75 55
32: 90 33 50 58 31 75 62 68 65 64 18 31 44
75: 98 35 69 48 92 82 46 56 31 22 60 35 72
17: 57 51 93 57 43 44 27 49 28 66 67 5 77
4: 36 51 32 76 52 51 35 84 40 48 15 48 55
57: 37 35 31 34 70 41 98 59 72 35 86 31 37
36: 96 97 62 99 59 57 58 51 96 99 59 66 62
77: 29 44 51 37 90 65 40 86 63 52 40 56 72
56: 51 20 55 59 10 54 61 17 39 58 87 8 23
18: 20 89 56 37 83 83 39 56 52 2 60 99 70
