53 66 34 47 53 55 32 69 92 58 51 43 31 56 43 58 31 56 46 51 54 48 36
25: 27 55 42 47 55 59 37 70 66 56 35 48 48 33 34 45 75 26 50 51 49 57 80
127: 86 38 50 42 78 43 56 56 6 60 36 75 45 48 42 32 64 40 24 40 76 68 83
44: 71 45 75 45 41 22 36 60 54 37 50 40 54 45 74 51 24 37 73 32 61 28 68
33: 50 77 76 58 28 27 49 47 34 61 27 69 87 27 47 52 61 46 63 41 65 65 43
105: 67 21 81 54 39 12 61 51 66 23 47 79 59 31 51 29 46 36 45 15 41 49 56
45: 26 28 59 55 74 27 82 64 56 45 51 57 61 63 44 39 53 43 56 57 41 35 22
54: 70 52 46 38 52 30 38 64 51 44 41 38 36 28 39 35 55 47 46 56 26 45 56
114: 75 51 32 66 65 23 69 65 56 61 37 75 23 53 45 56 52 40 79 9 27 30 14
105: 30 59 45 52 64 46 27 71 12 63 31 49 20 80 53 46 58 50 79 80 55 54 43
47: 35 32 54 52 0 77 47 54 30 28 49 45 61 51 43 55 56 60 51 36 73 34 33
72: 43 37 17 23 32 56 54 55 43 33 16 71 69 33 71 49 62 44 52 70 56 56 53
126: 45 78 70 44 30 56 49 54 81 77 69 34 29 35 43 59 48 51 65 44 69 53 42
49: 5 59 42 42 71 44 50 49 30 52 34 53 84 36 69 46 31 45 43 59 47 58 87
