8 82 52 15 41 85 9 27 19 62 48 37 56 56 99
56: 7 47 96 5 92 45 65 58 61 61 1 94 15 97 58
54: 39 40 37 63 83 52 58 80 38 79 20 72 78 43 21
63: 70 28 14 40 90 93 95 77 15 64 99 81 13 76 27
68: 45 96 89 38 9 35 31 89 11 57 4 94 86 63 36
68: 67 75 92 20 52 19 59 11 79 1 74 30 91 55 48
45: 50 55 13 25 49 71 22 99 51 44 10 14 32 6 45
9: 36 65 5 77 62 19 97 83 99 1 83 92 69 24 15
72: 68 91 35 61 49 85 95 72 61 77 16 53 90 68 79
99: 5 87 88 76 81 47 88 96 85 92 49 81 33 56 53
111: 10 97 44 68 47 33 19 30 99 52 22 38 50 95 37
20: 58 27 60 91 87 53 79 57 88 24 46 20 95 24 76
30: 78 11 74 70 77 30 8 2 57 32 45 9 75 92 47
