59 50 89 69 63 26 43 64 41 43 10 42 64 39 88 16 33 69 90 24 35 88 27
77: 72 96 58 18 70 36 51 99 88 86 82 2 5 52 71 61 97 71 26 21 27 46 57
31: 68 77 65 35 49 79 28 71 47 91 16 72 73 71 73 31 8 16 56 12 62 89 99
96: 96 66 85 83 75 8 79 52 67 1 41 58 99 46 28 23 96 23 98 48 27 16 44
36: 73 89 17 53 71 91 76 57 86 25 86 45 93 4 50 51 73 57 12 96 38 56 41
64: 42 1 85 15 89 81 65 92 70 62 59 88 58 22 71 36 21 70 84 52 43 24 64
62: 90 50 30 16 96 2 6 4 15 50 54 30 11 79 66 36 56 80 93 79 21 94 89
59: 17 71 64 89 78 55 30 20 97 73 87 65 94 3 94 36 81 61 51 20 88 20 17
86: 7 86 12 76 57 39 70 26 62 39 96 44 88 78 21 64 86 83 60 65 73 22 80
68: 55 30 23 60 53 9 60 68 87 18 27 21 40 88 7 88 27 2 43 51 87 28 15
99: 71 32 64 37 43 84 95 18 48 78 51 59 74 83 7 57 74 83 78 63 37 49 95
30: 89 13 7 36 95 25 24 3 11 11 74 52 3 30 74 1 75 10 8 32 59 68 16
72: 39 78 19 87 85 15 79 61 45 31 44 75 15 64 12 74 30 84 98 31 46 65 44
76: 50 43 78 28 90 41 72 20 31 86 69 77 79 85 21 53 25 27 16 76 53 88 40
