51 65 78 86 36 76 20 45 56 32 30 45 46 48 58 35 51 12 97 40 78 3 85 57 51 22 81 33
8: 58 92 82 53 26 26 72 73 59 26 19 89 72 97 43 22 93 23 85 90 50 13 69 19 47 51 63 16
126: 79 19 44 17 94 56 62 37 83 88 16 59 85 88 28 56 62 25 74 48 98 39 62 28 38 44 7 16
87: 5 35 58 64 67 62 7 61 71 14 89 60 84 39 42 94 75 32 66 75 83 33 97 82 33 15 34 19
104: 68 74 90 41 61 98 57 72 53 47 14 26 15 96 15 99 38 36 64 98 96 52 10 18 23 95 79 42
118: 90 63 36 44 35 67 55 54 89 92 9 62 15 58 85 56 38 50 44 15 76 4 62 44 40 49 22 53
108: 92 59 67 16 92 83 95 46 50 56 78 78 15 47 52 10 94 2 63 41 55 64 64 57 29 56 32 91
74: 56 24 21 91 90 85 33 91 17 9 24 71 45 30 82 36 1 34 77 90 46 22 27 96 69 12 3 68
74: 73 90 82 13 97 45 35 88 15 48 82 95 92 37 26 1 76 59 41 42 49 82 78 4 78 82 70 5
100: 17 56 8 65 15 19 5 47 43 89 49 82 56 82 92 58 45 25 14 35 88 94 98 85 24 47 36 37
57: 33 22 25 38 35 67 69 20 74 48 71 36 7 9 80 46 62 40 59 81 82 19 33 28 13 57 44 55
97: 37 60 42 35 45 40 33 48 42 54 31 84 55 2 84 57 9 4 57 82 34 60 95 3 38 73 78 55
42: 21 88 49 91 66 92 11 93 98 66 37 31 84 32 70 80 49 83 18 17 47 95 12 84 23 33 3 69
76: 88 5 30 37 62 56 76 84 9 47 27 59 53 92 94 92 42 15 45 84 91 41 63 14 74 79 31 55
79: 68 50 27 84 85 57 62 8 50 78 33 70 85 69 99 39 80 86 83 52 35 39 58 39 71 77 37 56
