74 11 73 39 34 32 29 56 39 11 91 35 33 31 82 17 12 40 51
41: 16 18 95 55 44 73 59 39 57 62 99 38 3 37 74 60 53 84 9
38: 22 36 94 91 88 41 31 81 89 71 32 50 32 15 34 68 59 81 90
56: 87 86 23 14 95 27 99 75 33 71 15 44 81 82 44 60 70 29 63
71: 58 65 86 88 39 20 81 30 4 98 14 19 66 58 42 38 85 9 47
50: 50 88 66 69 82 62 76 9 10 90 2 22 64 14 31 88 52 94 52
48: 40 19 5 12 12 12 45 67 61 70 65 49 36 18 39 69 10 98 52
25: 37 31 34 77 5 59 13 63 59 98 86 75 22 67 17 96 46 88 82
50: 34 36 9 7 86 20 88 34 82 73 51 91 78 6 84 55 6 53 26
49: 60 1 79 47 66 63 53 18 39 55 50 5 37 78 49 64 25 63 89
60: 9 71 77 32 79 95 77 62 53 90 3 29 65 88 19 25 19 36 66
62: 49 49 2 89 47 12 60 39 47 2 52 41 32 82 76 54 76 47 68
50: 21 6 98 5 31 99 72 20 24 52 27 45 35 21 61 27 36 74 50
56: 88 74 48 31 33 5 61 63 63 64 9 3 16 96 55 92 36 26 46
53: 33 3 89 3 55 37 67 94 5 95 83 13 18 57 1 15 55 41 95
72: 12 78 86 88 69 22 81 16 43 74 33 47 61 4 17 33 83 83 39
