71 44 97 85 60 79 0 52 51 52 32 55 80 20 44 61 14 32 64 34 1 1 48 60 76 81 9 22 33 43 51
41: 17 6 8 11 64 21 20 81 88 89 48 25 14 6 3 91 20 29 17 47 45 77 29 16 65 74 70 54 56 22 45
81: 7 30 61 31 13 60 23 40 82 6 91 71 18 15 97 8 9 47 57 38 88 75 3 58 18 43 15 51 86 22 25
62: 46 50 37 19 41 10 78 99 93 87 56 68 58 56 24 60 80 91 76 60 73 24 67 4 16 13 61 62 77 27 51
62: 81 75 37 9 33 82 43 29 63 94 59 58 59 95 48 18 2 67 30 31 59 62 76 95 5 2 69 27 39 84 48
25: 51 41 13 64 77 26 27 71 30 45 81 5 88 31 95 41 62 3 71 98 16 95 14 6 19 22 35 11 34 63 20
69: 23 14 15 61 10 89 38 1 41 6 24 41 87 15 85 8 46 14 82 5 5 55 36 76 33 96 78 29 51 85 29
19: 41 18 62 55 10 13 13 88 47 59 77 35 4 64 58 5 31 49 11 84 21 9 66 67 77 6 12 50 21 20 48
41: 62 26 7 44 7 36 90 22 64 64 88 31 67 38 88 61 59 81 47 23 8 79 56 45 70 7 18 73 19 2 34
105: 45 20 44 70 25 72 76 18 88 4 85 70 13 49 98 16 89 5 5 66 88 60 81 99 92 59 64 84 28 68 82
121: 88 32 24 2 60 17 88 42 88 42 57 57 63 43 98 55 76 73 64 28 16 17 95 99 52 4 19 11 95 10 86
68: 6 37 61 67 58 36 95 38 69 58 7 88 55 66 92 61 85 34 28 38 67 9 79 74 55 80 99 27 51 8 95
102: 88 13 42 68 56 89 6 31 45 73 22 36 59 38 46 32 8 94 13 84 41 49 87 57 7 41 38 2 30 64 10
61: 51 3 20 4 84 37 67 81 85 87 86 46 70 87 68 93 53 67 91 69 71 42 40 66 14 41 69 43 11 80 65
62: 82 82 50 58 72 54 1 88 9 97 43 92 12 79 99 91 64 75 35 62 47 56 39 66 63 35 31 39 88 54 82
52: 64 13 69 81 50 76 57 3 39 37 77 61 39 42 61 94 43 34 14 37 51 51 53 74 43 37 91 8 42 80 27
80: 93 63 45 88 85 99 95 49 55 33 29 99 80 54 4 24 40 92 78 2 9 43 17 59 24 32 93 17 39 70 54
