34 25 39 65 39 38 32 27 73 48 55 49 54 67 37 43 50 46 62 79
72: 41 54 55 50 46 65 52 48 42 31 22 64 51 82 91 52 73 17 29 58
63: 40 60 43 35 60 33 38 52 55 26 67 61 4 61 38 24 72 29 73 46
55: 41 67 55 29 61 48 22 57 85 26 44 40 53 56 37 47 74 54 37 34
59: 56 58 45 50 44 46 36 99 53 45 57 43 52 73 33 34 39 42 20 60
98: 64 60 45 31 47 59 32 65 90 34 24 30 23 74 57 39 38 65 35 48
44: 37 42 42 49 60 56 51 37 36 44 52 35 71 55 56 48 78 74 49 38
87: 44 65 34 33 40 58 61 33 49 25 49 76 42 49 61 78 47 49 55 29
89: 46 48 57 57 23 46 33 70 53 47 49 27 64 39 54 47 17 41 21 52
103: 49 63 64 46 58 64 45 58 59 50 30 66 44 38 7 49 64 41 22 24
80: 22 46 48 79 66 47 43 40 54 0 26 30 36 36 19 55 36 58 62 44
16: 16 38 54 69 7 46 35 38 68 53 21 46 66 42 39 51 47 49 0 76
44: 83 62 30 60 41 41 41 34 59 64 76 49 9 62 0 34 56 32 50 50
65: 43 66 76 45 52 74 62 41 39 41 37 55 77 27 44 47 67 76 60 15
