42 42 68 60 19 49 53 20 64 70 60 51 61 38 32 49 51 52 39 68 33 80 60 32 69 66 23 68
56: 37 36 62 64 45 65 57 25 72 46 29 65 56 45 56 50 51 37 27 47 78 55 48 34 61 56 60 42
50: 40 67 63 53 16 46 58 51 47 70 49 41 53 47 44 54 25 36 76 62 33 44 54 39 31 58 39 23
58: 69 45 38 67 42 33 53 85 45 36 65 35 77 28 56 51 23 54 41 48 43 50 47 62 47 49 77 22
68: 15 50 40 37 49 23 50 22 32 42 46 60 53 56 74 61 32 50 39 34 30 45 53 49 84 41 29 55
63: 46 44 28 63 65 80 33 65 28 60 67 54 49 41 47 41 21 42 50 52 67 56 62 47 27 46 31 23
76: 69 31 34 63 31 31 28 55 36 61 66 61 2 49 52 36 67 23 31 35 85 87 58 39 22 70 45 68
72: 71 40 36 70 39 48 35 30 40 69 46 85 52 62 54 66 34 58 19 50 50 78 68 42 42 41 79 61
111: 42 63 31 55 55 63 48 40 68 65 47 54 32 42 54 33 65 34 82 50 50 69 72 55 37 42 63 53
82: 49 29 56 58 46 61 62 58 41 80 38 65 41 56 56 62 60 79 64 47 45 50 61 44 41 43 60 27
129: 66 69 68 60 30 19 47 50 49 38 57 57 37 17 25 59 47 76 57 63 54 15 65 20 29 35 68 63
66: 25 61 36 61 62 61 49 68 67 22 47 64 11 46 41 38 64 41 51 52 32 76 41 42 20 68 51 66
31: 59 26 43 66 58 78 64 45 48 26 37 32 64 71 26 48 31 24 60 14 19 58 13 62 52 38 29 58
82: 73 55 35 84 41 55 0 36 35 58 64 61 48 49 35 55 54 40 31 41 46 76 78 80 48 71 82 62
92: 38 73 1 77 97 78 77 83 64 29 55 31 36 53 56 34 50 74 20 43 23 47 78 48 60 63 36 46
66: 29 39 65 73 56 74 64 8 10 44 48 16 44 51 21 37 57 56 56 63 62 77 63 61 44 34 47 42
