44 42 38 70 61 63 43 12 85 56 61 66 83 59 51 42 71 64
132: 46 47 52 74 54 54 32 48 54 48 40 63 43 51 43 42 53 52
22: 20 33 36 37 62 76 77 49 43 43 53 51 56 26 47 62 56 67
78: 32 83 32 60 30 49 44 28 45 40 29 37 42 41 23 46 60 54
70: 63 24 28 57 37 46 42 44 30 54 33 55 55 48 78 59 66 51
69: 30 39 26 48 29 64 35 55 62 42 39 63 35 42 51 61 47 36
63: 23 51 31 62 86 44 50 48 36 57 66 45 62 53 54 52 51 49
81: 24 41 42 35 60 38 26 42 49 27 34 82 63 63 87 34 54 74
108: 50 53 27 53 54 64 45 62 28 28 43 48 50 36 12 45 39 65
47: 71 44 58 53 50 78 45 31 58 28 57 72 20 45 41 41 64 57
96: 39 72 46 67 28 62 60 62 39 50 57 54 64 71 44 18 72 73
