50 29 50 45 41 57 76 35 48 32 33 32 54 38 62 74
52: 82 51 31 64 51 71 34 53 15 51 51 56 65 55 68 64
78: 49 33 62 40 35 30 59 36 46 45 78 44 42 57 23 60
61: 80 51 62 50 28 49 46 72 18 48 26 26 61 71 49 61
86: 37 30 65 35 50 34 60 68 49 50 42 75 12 66 57 57
61: 96 34 60 58 56 37 36 77 30 49 43 40 50 12 33 52
106: 25 48 46 37 66 44 49 30 49 55 59 39 71 48 68 30
59: 58 54 47 64 38 41 32 54 24 54 77 26 40 53 33 44
91: 57 54 49 22 15 99 44 53 63 38 32 48 54 71 49 36
24: 49 18 58 24 81 48 84 57 72 33 51 48 80 58 54 64
