32 36 41 25 42 65 59 43 42 45 39 70 50 34 81 50 70 38 44
37: 4 36 55 36 94 74 64 33 75 33 63 45 40 20 64 56 38 39 39
93: 29 65 46 59 60 34 80 28 34 71 40 53 32 59 42 57 71 18 86
4: 47 32 48 44 46 41 62 40 34 59 57 17 62 45 30 50 53 46 47
45: 41 43 67 53 53 46 55 41 47 45 62 40 49 46 67 68 46 47 43
89: 65 53 50 64 65 71 82 26 49 52 41 59 33 28 30 42 47 48 61
65: 22 39 41 50 24 71 73 44 47 57 42 39 75 58 33 20 49 35 44
54: 50 52 60 57 70 28 47 45 29 42 36 61 28 45 59 57 34 57 29
95: 37 50 24 35 87 25 53 27 51 58 27 57 47 24 43 36 53 23 52
54: 23 44 50 60 77 35 34 62 22 58 68 45 45 26 65 30 56 32 68
29: 38 38 41 58 55 29 24 63 41 43 46 48 27 55 64 32 65 55 42
101: 42 37 42 53 43 20 45 39 82 78 45 20 27 60 22 32 58 77 52
