44 7 55 74 78 48 57 54 65 79 43 18 14 45 64 96 45 1
24: 61 43 60 46 32 16 55 52 57 11 55 32 21 80 82 48 12 53
58: 45 42 46 58 34 50 64 49 26 22 30 16 59 51 31 63 40 65
44: 3 51 52 61 81 11 3 16 14 33 76 30 33 58 33 5 22 78
55: 47 4 70 51 27 8 62 71 59 70 27 32 53 51 36 66 53 43
56: 44 78 5 49 34 45 54 61 12 7 59 31 35 82 79 3 89 73
48: 27 43 79 51 67 58 48 58 60 54 45 74 45 58 25 39 27 80
69: 90 66 53 22 98 8 74 63 33 42 60 52 43 54 3 37 97 70
44: 52 52 68 45 54 97 44 68 52 49 54 45 17 29 90 67 67 48
50: 43 92 32 6 41 82 42 14 76 55 58 36 54 5 71 37 93 52
25: 88 93 58 84 54 94 47 47 36 57 50 99 94 99 66 98 68 44
65: 7 55 71 30 84 51 58 33 38 73 1 50 58 58 8 14 61 49
60: 58 60 48 70 38 22 44 58 66 84 40 58 75 67 57 12 31 89
