52 89 11 60 95 31 34 48 66 59 90 98 8 62 48 30
46: 26 49 30 36 71 35 22 44 37 67 47 39 85 46 57 56
59: 35 29 38 50 79 87 60 27 49 19 36 57 49 45 68 30
58: 53 64 69 80 52 32 43 38 34 30 45 37 32 55 3 34
48: 40 76 49 38 40 92 17 17 45 33 62 17 66 73 58 19
66: 31 73 57 70 54 51 63 44 70 11 70 35 22 20 24 59
48: 45 37 65 81 3 39 76 30 43 51 87 47 62 7 63 34
83: 52 61 53 78 58 66 62 43 10 70 84 53 66 71 52 74
77: 34 52 51 29 82 70 69 98 29 17 47 70 37 70 63 37
81: 57 10 46 46 25 28 56 59 65 39 49 78 51 50 59 74
70: 76 91 41 53 47 24 63 16 46 89 2 23 40 22 35 83
83: 13 38 72 53 15 87 77 83 33 3 38 45 61 87 84 29
24: 54 19 53 81 35 6 88 6 66 90 82 73 49 57 68 47
66: 66 69 62 56 12 3 17 24 46 83 41 6 23 60 57 96
