8 85 40 20 34 20 9 96 93 59 13 47 47 23 14 82 21 27 86 56 24 34 94 41 50
87: 45 70 36 80 67 14 58 54 33 57 51 54 45 29 60 86 66 70 37 30 67 38 82 33 39
71: 2 45 81 26 43 44 65 58 54 51 42 25 84 63 22 38 57 67 45 21 24 12 78 25 1
34: 39 56 17 74 48 73 55 51 48 56 28 55 27 52 65 55 58 72 65 31 84 46 84 62 67
55: 35 38 44 7 43 32 40 36 53 44 24 30 52 87 43 35 21 33 80 66 94 95 36 40 29
71: 50 89 93 4 67 58 59 9 22 98 52 78 55 93 97 58 38 49 63 78 52 22 40 17 49
49: 48 57 98 5 67 33 35 54 9 93 25 42 96 5 63 32 68 36 50 95 52 59 52 34 29
56: 55 86 37 38 86 11 87 32 19 68 62 40 9 77 61 88 62 53 56 13 43 83 94 12 61
53: 52 40 50 99 66 58 45 28 51 97 44 15 34 36 88 78 72 46 57 22 14 25 49 51 69
55: 63 73 68 42 58 18 60 42 43 63 99 64 97 13 55 36 41 45 98 17 47 29 40 72 89
77: 92 82 60 56 82 52 50 10 4 53 15 63 21 46 43 79 40 49 39 26 65 12 47 81 45
37: 96 51 28 53 52 62 22 62 96 44 24 38 54 78 28 26 83 73 32 48 37 38 20 52 50
80: 64 68 35 64 53 41 76 66 22 25 37 20 34 13 45 77 57 51 8 38 38 66 52 75 26
28: 47 43 53 64 23 12 44 35 51 97 59 32 46 70 6 56 30 38 43 82 64 48 45 78 51
61: 75 56 68 3 42 79 22 40 95 10 46 37 65 45 29 28 48 47 66 51 41 23 70 54 71
