43 16 58 68 60 63 53 35 25 54 41 47 40 35 81 34
36: 9 68 6 60 13 57 57 50 32 47 15 59 66 31 99 52
38: 71 35 86 8 85 77 14 34 30 33 52 54 84 59 37 62
13: 55 47 54 38 42 54 66 93 77 72 21 71 60 51 69 89
78: 61 68 56 48 41 70 49 99 67 31 63 55 79 52 12 35
70: 4 35 67 57 41 31 36 51 37 67 13 74 2 30 34 56
79: 48 35 91 48 70 57 62 16 57 57 49 55 23 72 95 6
79: 93 45 30 48 75 3 67 70 80 98 48 36 85 28 4 63
34: 46 47 45 57 77 51 51 50 63 54 61 56 66 29 91 64
57: 34 53 77 79 53 47 59 10 73 65 26 22 43 89 52 52
62: 72 92 71 62 40 33 30 85 91 44 55 71 51 63 47 65
19: 99 89 66 78 68 3 39 62 62 54 75 38 59 39 58 57
