2 37 26 72 65 71 82 3 78 47 76 11 44 61 47 30
43: 29 23 74 30 17 46 91 12 3 49 8 91 6 58 19 43
34: 25 51 12 21 46 64 62 66 93 71 28 89 44 87 50 7
91: 23 72 54 65 72 87 26 23 49 17 15 97 82 15 14 65
68: 42 68 56 62 75 22 85 4 44 51 16 65 97 47 99 89
45: 90 50 77 31 21 28 41 5 46 35 17 21 14 37 29 79
6: 33 90 31 71 61 75 79 22 72 69 38 63 25 64 36 48
45: 34 40 25 44 79 63 41 39 92 79 81 84 21 23 98 35
38: 22 81 56 44 57 20 27 27 95 34 72 10 70 8 9 48
36: 43 8 71 30 58 38 14 68 21 88 28 10 5 3 10 81
19: 76 45 49 57 76 29 94 24 60 8 41 46 64 52 65 16
89: 2 81 75 83 94 85 29 23 30 14 18 15 19 59 82 52
82: 2 37 62 46 66 30 10 97 55 31 48 39 87 84 41 13
