28 31 10 62 53 34 66 71 42 92 38 41 15 39 2 57 23 91 89 2 69 37
62: 12 57 49 2 1 73 4 31 62 32 16 90 95 66 15 64 81 88 88 65 69 49
77: 65 26 7 24 67 3 54 10 24 91 65 95 52 4 58 98 26 30 75 55 93 8
127: 40 15 69 66 72 27 3 71 79 37 94 46 64 84 49 29 55 34 73 61 54 10
60: 62 87 47 32 20 2 57 75 72 23 5 74 78 51 46 62 86 75 93 3 46 22
114: 40 63 94 26 82 66 57 33 40 3 49 61 77 61 10 3 48 95 92 32 99 90
34: 30 91 10 23 99 70 63 17 30 28 93 5 6 45 18 40 57 20 8 50 56 28
19: 30 77 2 71 40 30 2 83 2 60 71 77 25 9 42 65 29 32 21 12 72 24
54: 35 11 70 82 99 87 80 92 27 64 65 91 95 45 5 60 84 44 85 79 26 5
109: 25 53 43 56 6 61 73 95 99 58 77 44 52 47 57 61 30 66 93 22 46 67
107: 43 1 51 21 75 11 73 99 57 8 20 15 58 76 16 33 47 95 20 17 99 95
137: 68 90 31 40 81 74 88 68 73 56 1 73 19 36 77 11 85 94 42 57 98 45
49: 8 35 38 54 38 2 53 75 48 46 3 24 17 60 87 81 49 59 29 4 78 79
13: 27 90 88 53 50 65 57 63 57 44 93 31 62 51 73 49 73 41 56 55 91 9
