36 50 52 63 71 35 31 36 1 92 21 45 46 7 61 44 31 8 60 35 42 60
6: 78 74 38 35 76 89 45 10 46 38 65 64 83 77 15 74 71 64 27 55 75 71
34: 26 95 62 19 9 56 6 67 14 8 26 8 64 27 87 1 42 48 69 16 47 10
102: 30 92 70 28 31 43 7 63 30 16 29 6 79 2 63 92 29 35 50 92 77 16
90: 68 75 40 54 34 4 56 9 9 83 26 45 63 23 65 23 60 75 83 89 75 14
43: 14 14 51 79 88 2 63 17 69 70 41 7 15 81 48 67 47 81 43 70 38 3
45: 59 53 97 82 56 60 77 83 33 10 10 43 90 15 71 72 78 19 2 8 50 29
47: 25 23 29 96 8 10 71 54 61 52 47 68 86 6 79 55 52 23 63 94 3 83
25: 43 93 4 7 59 41 60 64 22 42 25 10 18 68 6 57 47 59 47 96 56 89
70: 26 93 54 28 45 86 68 81 88 46 46 73 18 65 69 69 62 28 38 78 86 67
115: 12 87 36 32 97 86 18 48 57 80 24 87 1 57 18 15 6 97 20 50 23 33
148: 11 13 52 20 69 42 77 11 81 76 19 93 28 55 67 70 66 15 90 17 4 31
92: 77 5 72 15 72 2 9 78 30 46 95 12 44 29 82 35 88 84 14 10 83 2
25: 98 2 50 49 98 65 68 47 22 36 49 11 97 70 10 44 23 1 11 11 31 31
85: 70 17 56 82 70 56 7 65 93 4 66 68 38 18 63 10 26 67 21 5 3 81
