51 93 59 52 63 40 48 3 19 47 29 53 2 96 5 54 57 56 26 49 48 50 51 46 45 52 57 45
78: 9 17 75 59 82 2 86 46 24 92 28 18 54 93 25 35 26 37 20 71 2 50 59 26 34 69 25 66
63: 37 74 67 57 42 75 70 57 91 71 38 89 86 88 75 30 39 83 14 78 35 8 76 71 3 18 32 5
100: 48 57 86 79 70 69 88 26 54 59 90 11 45 63 38 65 12 2 79 25 21 17 7 94 45 25 64 38
125: 60 74 48 40 99 8 24 81 83 69 99 90 11 98 80 21 19 77 64 72 6 53 48 97 9 56 71 90
86: 81 61 4 15 10 26 5 12 8 69 78 70 94 63 77 94 42 90 40 57 89 78 58 40 43 25 15 40
74: 95 64 63 79 86 67 68 57 33 82 68 92 24 51 12 51 90 26 58 97 9 45 46 92 66 79 91 92
67: 24 38 10 23 42 77 67 46 61 35 63 4 7 1 20 12 99 81 81 32 24 75 99 31 47 51 97 64
26: 99 84 58 15 46 50 13 77 11 24 33 59 48 60 99 29 48 9 32 93 35 70 34 24 64 52 15 31
107: 56 4 38 44 95 58 75 93 81 18 97 47 26 67 27 29 82 90 65 16 78 73 79 58 55 58 95 48
1: 50 60 23 26 21 97 66 34 93 40 33 55 65 46 20 87 26 7 31 51 83 22 31 1 98 80 69 47
16: 17 30 71 92 27 59 72 9 80 12 30 5 32 51 3 86 47 20 21 15 16 16 1 65 59 10 43 79
127: 43 14 51 78 32 63 85 90 20 71 30 79 38 55 51 75 97 55 41 79 68 84 13 89 10 4 74 82
19: 12 89 14 39 33 26 78 63 33 76 69 48 57 34 1 14 37 26 87 25 32 24 24 4 12 70 41 34
128: 95 24 46 57 23 55 24 64 30 24 21 45 4 95 40 64 65 48 5 49 70 42 10 64 67 80 34 22
37: 88 55 26 11 11 39 12 52 51 91 42 95 11 30 30 67 73 36 83 39 63 62 51 97 96 97 55 95
