36 49 90 2 74 5 27 71 95 9 70 12 68 69 62 59 95
99: 52 39 57 39 32 39 53 44 68 56 37 57 57 33 28 52 60
76: 45 43 39 71 38 28 49 28 64 72 58 78 37 61 65 82 59
43: 70 39 19 57 67 55 23 45 43 61 41 63 37 38 38 38 42
20: 51 70 33 31 63 49 26 49 45 57 14 50 84 37 64 34 60
31: 40 52 41 71 32 80 34 80 48 22 32 53 52 60 66 66 51
8: 51 23 45 17 30 40 36 42 64 55 30 40 57 21 40 57 49
29: 46 23 36 39 71 68 29 26 54 64 71 49 72 24 28 33 71
85: 69 72 39 52 56 62 48 69 53 52 28 75 40 73 65 42 34
101: 42 17 53 63 30 37 49 58 69 41 62 72 33 71 57 31 32
29: 63 45 70 52 28 32 19 51 35 51 46 25 3 72 59 58 60
33: 53 70 66 23 21 39 40 41 45 69 62 73 66 67 53 26 54
92: 57 61 61 49 32 46 68 35 17 66 35 37 69 54 75 34 25
