51 2 80 25 19 39 59 94 37 7 63 29 16
67: 50 39 42 60 70 40 56 46 24 30 62 65 10
49: 55 60 33 16 46 74 55 61 32 62 45 35 24
54: 39 86 62 35 32 25 66 43 58 40 38 55 34
27: 14 47 30 51 39 55 25 50 51 57 76 66 33
47: 33 50 76 45 60 55 21 41 36 43 44 57 35
57: 61 65 56 57 36 42 55 32 34 53 50 20 34
29: 42 88 58 34 13 59 65 70 59 54 51 81 71
23: 52 37 44 19 64 59 60 59 42 47 48 88 88
36: 53 61 58 56 69 48 24 68 48 59 56 42 49
59: 47 48 60 74 82 38 19 77 71 14 45 59 35
49: 51 20 35 34 25 90 39 62 61 48 28 57 43
