41 78 63 71 57 75 84 13 45 42 20 26 29 37 35 90 1
75: 59 52 64 52 44 17 19 89 72 72 17 30 57 50 48 28 45
74: 77 60 37 75 65 57 37 31 43 60 24 65 28 55 65 51 51
45: 54 31 41 25 28 39 75 29 41 42 79 54 65 37 43 46 21
56: 42 34 51 32 27 58 24 34 46 62 75 46 32 38 32 55 31
96: 21 55 57 63 68 70 65 34 24 39 43 35 11 48 55 93 54
64: 60 50 51 44 57 49 32 63 61 45 29 35 40 41 29 31 47
77: 27 37 64 50 49 47 63 38 19 38 48 68 48 67 45 65 54
149: 38 62 51 30 66 66 39 45 59 59 47 22 44 47 80 67 37
72: 43 14 38 71 55 51 41 38 20 63 56 29 58 73 47 64 60
99: 29 67 36 37 56 46 13 28 27 67 34 27 22 55 44 64 66
