56 43 60 24 23 50 34 26 34 27 12 70 37 34 50 57
39: 87 42 37 20 64 4 54 35 30 74 84 51 90 16 81 81
77: 78 64 14 57 91 16 47 91 32 53 59 4 64 90 96 6
65: 9 59 58 59 85 70 88 54 34 46 56 10 27 49 97 17
85: 71 9 85 14 24 88 9 25 98 43 7 78 33 48 20 34
39: 73 13 46 9 59 84 3 27 85 21 30 99 5 86 76 12
60: 88 57 88 3 87 93 90 16 15 19 56 94 35 39 9 7
48: 17 61 62 65 63 64 20 38 20 4 38 64 60 5 8 94
43: 71 5 53 40 39 34 89 20 3 25 33 6 83 75 8 25
46: 81 53 84 41 79 80 58 56 17 48 16 32 44 32 87 13
71: 12 56 19 99 16 30 20 41 90 14 50 29 28 90 82 58
