68 79 46 51 45 15 50 54 40 55 88 67 67 36 31 50 51 61
69: 71 40 44 39 26 52 54 49 79 19 12 55 2 76 53 9 93 81
75: 72 53 66 36 45 9 94 24 6 41 71 49 13 72 6 86 66 9
86: 77 2 78 28 38 72 97 48 80 3 49 53 75 57 54 97 92 36
46: 81 53 69 31 19 90 30 69 16 54 46 31 44 63 21 27 38 91
53: 51 20 85 89 71 79 2 15 85 51 2 68 23 38 56 16 33 55
98: 40 46 7 25 59 23 68 88 95 28 38 99 6 33 49 84 93 87
31: 40 50 85 99 61 92 68 43 37 70 6 48 61 35 58 87 94 70
56: 69 53 23 47 97 68 27 60 5 22 40 67 96 50 99 35 81 86
40: 11 26 51 23 40 52 97 80 44 73 49 43 45 76 89 47 68 64
44: 62 41 30 23 77 1 93 56 29 27 89 47 62 2 49 98 36 15
60: 62 72 60 43 16 3 15 83 15 79 56 60 77 45 70 53 25 34
