65 74 28 73 39 30 41 64 44 29 93 36 58 43 28 50 55 78
110: 59 43 55 12 87 59 51 55 75 36 44 63 79 53 39 41 11 87
34: 90 19 62 35 39 38 95 63 38 54 1 61 52 43 59 36 60 68
74: 41 51 75 15 77 76 49 7 70 63 32 41 47 49 84 58 21 37
145: 51 70 72 19 52 72 1 44 30 32 74 93 54 33 15 66 63 45
99: 54 31 10 24 60 77 44 19 25 29 42 58 90 49 27 36 15 57
65: 25 35 52 32 59 66 93 63 32 75 51 38 98 56 42 48 83 79
77: 55 45 54 30 93 45 72 48 69 6 82 29 38 31 90 81 8 99
79: 23 24 39 41 14 88 18 80 52 9 97 7 52 30 51 61 82 21
65: 87 59 52 90 52 56 62 14 15 76 95 5 56 53 75 99 58 54
76: 23 33 48 87 3 49 35 32 81 54 69 63 25 77 22 66 55 92
76: 40 17 47 51 95 75 59 9 78 7 57 27 70 62 53 39 53 7
