69 51 21 35 47 35 92 42 62 81 7 60 11
17: 40 50 89 93 45 36 2 67 50 26 73 41 48
83: 56 48 69 40 32 39 85 65 65 29 47 60 21
47: 52 56 71 6 58 50 58 72 53 39 36 25 40
23: 65 49 89 29 26 71 38 8 27 76 30 63 45
35: 43 39 70 59 35 43 32 30 34 73 46 46 70
77: 44 54 60 55 26 82 65 37 74 53 90 70 66
27: 72 4 43 30 31 79 61 58 70 40 56 68 20
90: 68 76 92 1 27 96 43 47 22 44 77 68 58
36: 72 40 96 74 89 36 87 29 39 54 92 93 43
9: 34 49 31 70 47 59 28 19 88 1 11 52 14
77: 56 84 77 15 24 77 46 53 60 24 53 30 51
