66 20 54 95 92 55 67 27 99 13 78 32 11 97 79 6 30
66: 16 17 71 48 66 27 69 56 44 59 74 40 55 72 70 56 43
119: 64 89 76 53 34 71 67 78 56 50 29 83 7 6 75 34 18
123: 13 57 78 9 33 65 59 86 51 76 81 53 38 39 9 2 71
5: 98 58 51 86 55 10 69 6 66 59 30 78 96 9 5 39 57
140: 88 34 46 88 1 53 27 79 39 46 57 34 17 10 48 49 53
116: 49 93 46 27 73 27 59 61 26 63 32 35 52 86 35 79 64
143: 85 87 73 78 94 70 8 25 45 87 27 50 43 46 48 34 16
20: 50 62 66 90 49 34 44 86 77 68 39 22 20 19 83 77 44
48: 78 26 57 47 27 38 3 40 48 62 73 61 60 25 40 58 26
