46 80 64 26 54 73 21 98 99 52 15 34 47 61 75
72: 28 49 46 63 67 52 63 46 34 48 64 54 67 57 36
94: 80 60 78 47 42 48 32 25 23 71 64 77 45 37 61
60: 47 29 34 55 39 19 29 2 45 50 48 39 79 58 74
106: 34 37 34 38 49 74 29 76 60 58 48 25 67 56 73
71: 92 70 52 47 45 34 51 53 67 63 35 71 29 24 51
66: 53 65 38 47 46 45 61 62 45 61 6 43 83 24 25
42: 52 47 44 20 32 49 47 35 82 17 34 76 57 63 41
25: 48 9 67 83 58 80 48 59 65 27 47 85 69 37 73
95: 52 58 37 58 39 61 38 43 43 30 43 52 45 39 30
121: 50 27 52 69 65 48 31 55 57 50 56 14 57 38 50
85: 45 28 80 71 42 54 61 47 49 53 69 36 83 46 57
