50 51 23 19 44 30 65 49 53 54 45 64
44: 47 22 78 64 70 52 32 53 33 45 60 45
16: 59 53 60 51 45 42 51 60 58 34 23 67
57: 79 49 48 21 48 44 53 41 51 72 73 11
38: 45 59 47 52 66 56 74 65 63 26 8 64
42: 41 5 41 55 31 36 48 55 55 64 54 39
36: 62 31 39 54 47 63 43 30 42 43 53 59
20: 57 43 59 46 73 25 57 48 53 37 36 99
22: 36 40 33 60 58 14 58 38 52 26 57 71
17: 79 43 63 65 47 81 47 61 50 58 61 41
9: 88 56 53 51 31 51 64 81 8 23 57 68
61: 24 50 52 64 52 43 50 17 62 13 27 63
32: 18 64 43 40 55 45 60 35 74 57 53 45
