41 34 78 51 58 27 78 34 72 58 57 56 53 75 9 16 51 55 34 40 25 37 24 53 32
137: 42 1 54 38 19 54 74 59 63 72 70 47 32 55 22 40 65 72 38 77 28 64 36 42 81
83: 20 75 61 61 47 88 6 37 61 50 41 26 65 52 52 52 40 43 61 26 45 57 28 32 66
44: 42 11 43 62 50 65 45 32 38 54 73 64 28 53 38 67 48 36 65 59 0 46 41 43 29
32: 61 50 63 47 39 29 64 96 48 49 43 32 58 22 77 59 45 45 57 51 40 66 61 32 49
24: 29 38 42 45 44 49 46 81 69 94 37 43 49 42 57 36 77 66 48 58 24 63 82 47 46
68: 55 55 36 85 28 63 47 44 63 63 13 44 47 52 29 60 30 39 48 27 58 53 32 36 31
103: 47 51 30 44 26 41 38 82 56 60 41 46 42 33 40 48 40 52 43 49 32 52 40 19 65
83: 55 20 60 54 34 35 37 34 57 48 80 61 36 30 29 59 66 20 21 53 45 48 83 41 17
66: 54 48 61 40 39 37 53 46 16 50 70 56 67 53 77 21 47 45 79 33 32 73 66 38 25
61: 23 4 60 59 81 49 36 44 49 51 25 27 49 44 84 22 49 35 76 41 70 55 28 50 76
54: 52 43 81 77 34 35 33 63 16 34 74 32 67 57 49 65 64 52 24 7 36 78 51 52 51
73: 66 30 45 35 30 63 78 38 59 52 30 70 74 70 28 51 51 51 66 45 65 48 35 40 43
107: 50 54 47 78 75 50 43 48 42 65 35 34 74 89 40 50 80 75 56 51 36 36 51 53 31
108: 46 75 74 46 37 49 64 19 38 61 37 47 52 47 38 49 36 75 71 42 58 52 42 47 39
