76 30 86 24 70 44 58 63 56 99 27 64 12 44 56 61 62 61 26 71 52 41 40 45 46 49 59 49
86: 73 58 53 3 42 56 56 57 57 43 20 61 58 50 48 49 21 29 52 53 43 79 31 51 51 54 70 60
67: 60 58 54 42 38 59 47 38 57 63 61 50 53 34 66 33 62 59 51 32 32 70 91 27 41 58 45 38
70: 57 38 74 23 46 86 35 43 42 58 44 40 26 58 59 31 44 2 55 46 74 52 30 60 42 63 36 63
80: 53 59 49 48 69 38 46 44 58 46 43 38 64 70 45 25 43 34 27 45 74 73 33 64 54 84 24 54
3: 38 68 47 20 42 54 48 36 39 42 33 68 61 55 24 39 50 47 62 39 51 43 77 21 60 45 52 63
101: 20 45 65 33 28 48 35 46 48 38 64 12 37 45 63 51 48 43 58 59 59 64 66 33 45 85 40 33
3: 59 33 41 34 35 57 88 25 70 73 54 43 59 56 29 45 58 52 38 48 45 51 33 42 26 41 35 41
123: 59 15 74 21 28 36 78 50 54 26 78 32 21 65 50 42 42 84 61 48 59 25 58 60 34 64 36 73
101: 67 27 54 63 57 37 59 41 50 45 50 28 40 33 38 67 53 36 66 57 47 32 55 63 31 37 55 48
79: 41 40 82 34 57 55 97 28 51 43 72 63 19 55 18 76 81 42 72 62 51 52 56 36 77 47 49 73
26: 38 52 37 63 43 39 39 23 72 39 49 88 50 42 54 74 55 49 49 61 66 69 53 48 38 77 53 34
67: 16 86 60 58 30 60 45 58 36 33 62 48 29 19 61 48 82 65 26 67 5 61 70 71 40 42 76 66
82: 36 55 72 49 24 59 29 53 62 35 60 59 52 72 14 43 63 66 47 67 52 48 76 32 47 40 47 41
91: 26 45 38 89 28 54 74 49 28 58 51 55 35 85 62 65 66 52 25 43 14 29 66 43 40 88 70 41
58: 54 28 36 47 46 64 61 60 45 60 57 22 32 35 41 28 28 11 34 19 65 62 41 49 83 60 30 46
